515.0
calibration_0001.txt
0.16029658913612366,-0.06746860593557358,-9.697829246520996;0.0;0.1508999913930893,-0.08659999817609787,-9.805099487304688;2.4434609804302454E-4,0.0015009831404313445,-1.5707963029854E-4;0.0058999997563660145,-0.0015999999595806003,0.15529999136924744;0.0,0.0,0.0;0.0;-0.7111589908599854,-0.7029749751091003,-0.0023670000955462456;0.0
0.13120225071907043,-0.17224843800067902,-9.62968921661377;0.0;0.1517999917268753,-0.08139999955892563,-9.805099487304688;9.948377264663577E-4,0.0017278759041801095,3.316125657875091E-4;0.15209999680519104,0.35589998960494995,0.17499999701976776;0.0,0.0,0.0;0.0;-0.7107129693031311,-0.7034270167350769,-0.0025820001028478146;0.0
0.4266754686832428,0.4160260558128357,-9.591421127319336;0.0;0.13779999315738678,-0.09399999678134918,-9.80519962310791;-0.0031241392716765404,5.934119690209627E-4,4.3633230961859226E-4;-0.45159998536109924,-0.43549999594688416,0.10639999806880951;0.0,0.0,0.0;0.0;-0.7116209864616394,-0.7025110125541687,-0.0016299999551847577;0.0
-0.22850261628627777,-0.3085647225379944,-9.722479820251465;0.0;0.13650000095367432,-0.09619999676942825,-9.80519962310791;-0.00188495556358248,-5.759586347267032E-4,-0.0010471974965184927;-0.13650000095367432,-0.39409998059272766,0.2044999897480011;0.0,0.0,0.0;0.0;-0.711558997631073,-0.7025740146636963,-0.0015089999651536345;0.0
-0.18496644496917725,-0.22160731256008148,-9.694908142089844;0.0;0.13289999961853027,-0.0949999988079071,-9.80519962310791;-0.004869468510150909,-0.0027925267349928617,0.004363323096185923;-0.2701999843120575,-0.46389999985694885,0.16529999673366547;0.0,0.0,0.0;0.0;-0.7115079760551453,-0.7026270031929016,-0.001415999955497682;0.0
-0.23324313759803772,-0.32111990451812744,-9.708861351013184;0.0;0.13030000030994415,-0.09339999407529831,-9.805299758911133;-0.0036128314677625895,-0.003176499158143997,0.0031066860537976027;-0.3165999948978424,-0.47529998421669006,0.14569999277591705;0.0,0.0,0.0;0.0;-0.7114089727401733,-0.7027289867401123,-0.0013770000077784061;0.0
-0.13624924421310425,-0.1515529602766037,-9.67009449005127;0.0;0.1281999945640564,-0.09290000051259995,-9.805299758911133;-0.005445427261292934,-0.0031415927223861217,0.004188789986073971;-0.3831999897956848,-0.41689997911453247,0.0771000012755394;0.0,0.0,0.0;0.0;-0.7113199830055237,-0.7028210163116455,-0.0013210000470280647;0.0
0.12390472739934921,0.13777194917201996,-9.67391586303711;0.0;0.12520000338554382,-0.0925000011920929,-9.805399894714355;-6.632251315750182E-4,0.0011519172694534063,0.0039618974551558495;-0.26249998807907104,-0.09369999915361404,0.08699999749660492;0.0,0.0,0.0;0.0;-0.7112110257148743,-0.7029330134391785,-0.0012250000145286322;0.0
0.5085188746452332,0.3999466001987457,-9.569585800170898;0.0;0.12559999525547028,-0.09449999779462814,-9.805299758911133;-0.0029321531765162945,0.0,7.679448463022709E-4;0.07039999961853027,0.2906999886035919,0.15559999644756317;0.0,0.0,0.0;0.0;-0.711205005645752,-0.7029380202293396,-0.0011650000233203173;0.0
0.5963190197944641,0.2511996328830719,-9.541535377502441;0.0;0.12469999492168427,-0.09519999474287033,-9.805299758911133;-2.9670598451048136E-4,0.002687806962057948,-0.0015009831404313445;0.4439999759197235,0.45799997448921204,0.25369998812675476;0.0,0.0,0.0;0.0;-0.7112919688224792,-0.7028499841690063,-0.0011099999537691474;0.0
0.17624197900295258,-0.3216753602027893,-9.63868236541748;0.0;0.12289999425411224,-0.09359999746084213,-9.805399894714355;0.0010995573829859495,-0.0018500490114092827,-0.0038222710136324167;0.2789999842643738,0.02499999850988388,0.20469999313354492;0.0,0.0,0.0;0.0;-0.7113239765167236,-0.7028189897537231,-0.0010999999940395355;0.0
-0.2525978684425354,-0.5631928443908691,-9.786883354187012;0.0;0.1200999990105629,-0.09549999982118607,-9.805399894714355;0.0012391837080940604,4.1887903353199363E-4,-4.7123889089562E-4;-0.27699998021125793,-0.4633999764919281,0.0575999990105629;0.0,0.0,0.0;0.0;-0.7114449739456177,-0.7026969790458679,-9.330000029876828E-4;0.0
-0.047165773808956146,-0.05634992942214012,-9.790177345275879;0.0;0.12109999358654022,-0.09759999811649323,-9.805399894714355;-5.235987482592463E-4,-1.3962633966002613E-4,-4.0142572834156454E-4;-0.29760000109672546,-0.15729999542236328,-0.0011999999405816197;0.0,0.0,0.0;0.0;-0.7114779949188232,-0.702663004398346,-8.919999818317592E-4;0.0
0.6012319326400757,0.27179935574531555,-9.589696884155273;0.0;0.12049999833106995,-0.09640000015497208,-9.805399894714355;0.0018151424592360854,0.002809980185702443,-0.003577925032004714;0.16380000114440918,0.3709999918937683,0.10659999400377274;0.0,0.0,0.0;0.0;-0.7113890051841736,-0.7027530074119568,-9.180000051856041E-4;0.0
0.08385452628135681,-0.42705851793289185,-9.702157020568848;0.0;0.11989999562501907,-0.09609999507665634,-9.805399894714355;0.004747295752167702,0.004502949304878712,-0.003979350905865431;0.3604999780654907,0.13529999554157257,0.1850999891757965;0.0,0.0,0.0;0.0;-0.711525022983551,-0.7026169896125793,-9.050000226125121E-4;0.0
-0.15811307728290558,-0.2221340388059616,-9.80766487121582;0.0;0.12209999561309814,-0.09569999575614929,-9.805399894714355;-0.004607669077813625,-0.0015358896926045418,0.0027052604127675295;-0.36730000376701355,-0.4043999910354614,-0.0011999999405816197;0.0,0.0,0.0;0.0;-0.7115309834480286,-0.7026090025901794,-0.001003999961540103;0.0
0.5743594169616699,0.2685432434082031,-9.575284004211426;0.0;0.12199999392032623,-0.09569999575614929,-9.805399894714355;-9.948377264663577E-4,-2.0943951676599681E-4,-0.0026179938577115536;0.36820000410079956,0.4684000015258789,0.1850000023841858;0.0,0.0,0.0;0.0;-0.7115520238876343,-0.7025880217552185,-9.970000246539712E-4;0.0
-0.19928376376628876,-0.5695039629936218,-9.803546905517578;0.0;0.11559999734163284,-0.09349999576807022,-9.805500030517578;0.0013089969288557768,0.0016406094655394554,-4.0142572834156454E-4;-0.15479999780654907,-0.3868999779224396,0.07729999721050262;0.0,0.0,0.0;0.0;-0.7115359902381897,-0.7026079893112183,-8.430000161752105E-4;0.0
0.4651837944984436,0.3565349280834198,-9.635292053222656;0.0;0.1151999980211258,-0.09229999780654907,-9.805500030517578;-0.0036128314677625895,-0.0017802357906475663,5.410520825535059E-4;0.2768999934196472,0.40609997510910034,0.14589999616146088;0.0,0.0,0.0;0.0;-0.7114009857177734,-0.7027450203895569,-8.800000068731606E-4;0.0
-0.17697939276695251,-0.5503982305526733,-9.788176536560059;0.0;0.11400000005960464,-0.09369999915361404,-9.805500030517578;0.0,0.001972222002223134,-0.0015707963611930609;-0.23160000145435333,-0.4456000030040741,0.0478999987244606;0.0,0.0,0.0;0.0;-0.7116349935531616,-0.7025079727172852,-7.830000249668956E-4;0.0
0.5531180500984192,0.3535565435886383,-9.612565994262695;0.0;0.11710000038146973,-0.09030000120401382,-9.805500030517578;-2.2689280740451068E-4,0.0014486232539638877,-9.773843921720982E-4;0.4123999774456024,0.43359997868537903,0.18519999086856842;0.0,0.0,0.0;0.0;-0.7113490104675293,-0.702796995639801,-0.00101200002245605;0.0
-0.24006181955337524,-0.47552675008773804,-9.810959815979004;0.0;0.10209999978542328,-0.10539999604225159,-9.805500030517578;-4.3633230961859226E-4,-0.0015533430268988013,-8.901178953237832E-4;-0.3471999764442444,-0.3651999831199646,-9.999999310821295E-4;0.0,0.0,0.0;0.0;-0.7124130129814148,-0.7017189860343933,6.900000153109431E-5;0.0
0.2919202148914337,-0.19845059514045715,-9.650260925292969;0.0;0.10130000114440918,-0.1046999990940094,-9.805500030517578;0.0030194194987416267,0.0024434609804302454,-0.005532693583518267;0.14379999041557312,-0.10109999775886536,0.1753999888896942;0.0,0.0,0.0;0.0;-0.7125570178031921,-0.7015740275382996,2.099999983329326E-5;0.0
0.26579469442367554,0.23206518590450287,-9.715536117553711;0.0;0.10189999639987946,-0.10529999434947968,-9.805500030517578;-0.0044156829826533794,5.061454721726477E-4,0.0037873645778745413;0.14319999516010284,0.34059998393058777,0.10669999569654465;0.0,0.0,0.0;0.0;-0.7125129699707031,-0.7016180157661438,1.4999999621068127E-5;0.0
-0.07890331000089645,-0.5144565105438232,-9.72655963897705;0.0;0.10349999368190765,-0.10489999502897263,-9.805500030517578;0.00188495556358248,0.0011868239380419254,-8.552113431505859E-4;-0.11329999566078186,-0.36569997668266296,0.09690000116825104;0.0,0.0,0.0;0.0;-0.7126870155334473,-0.7014409899711609,-1.2199999764561653E-4;0.0
0.4616882801055908,0.3417770564556122,-9.63547420501709;0.0;0.10179999470710754,-0.10439999401569366,-9.805500030517578;-0.0016406094655394554,-3.490658491500653E-5,9.4247778179124E-4;-0.09200000017881393,0.10439999401569366,0.028299998492002487;0.0,0.0,0.0;0.0;-0.7125930190086365,-0.7015380263328552,4.5000000682193786E-5;0.0
-0.18110699951648712,-0.542736828327179,-9.778848648071289;0.0;0.1005999967455864,-0.10679999738931656,-9.805500030517578;0.001117010717280209,0.0024434609804302454,-8.377580670639873E-4;-0.27719998359680176,-0.4323999881744385,0.05769999697804451;0.0,0.0,0.0;0.0;-0.7128080129623413,-0.7013180255889893,1.6399999731220305E-4;0.0
0.5744934678077698,0.31599631905555725,-9.596190452575684;0.0;0.10269999504089355,-0.10929999500513077,-9.805500030517578;9.948377264663577E-4,0.0032463124953210354,2.0943951676599681E-4;0.3091000020503998,0.4132999777793884,0.1655000001192093;0.0,0.0,0.0;0.0;-0.712867021560669,-0.7012569904327393,1.9299999985378236E-4;0.0
-0.20752941071987152,-0.363822877407074,-9.809991836547852;0.0;0.09959999471902847,-0.11029999703168869,-9.805500030517578;-9.4247778179124E-4,-0.002548180753365159,5.759586347267032E-4;-0.32510000467300415,-0.39959999918937683,0.008599999360740185;0.0,0.0,0.0;0.0;-0.7131459712982178,-0.7009739875793457,3.1999999191612005E-4;0.0
0.31816068291664124,-0.1380113661289215,-9.627880096435547;0.0;0.09959999471902847,-0.11309999972581863,-9.805399894714355;0.0015882495790719986,0.004206243436783552,8.377580670639873E-4;0.1257999986410141,-0.12219999730587006,0.1655000001192093;0.0,0.0,0.0;0.0;-0.7133100032806396,-0.7008050084114075,3.9400000241585076E-4;0.0
0.3010469377040863,0.26671406626701355,-9.703536987304688;0.0;0.09879999607801437,-0.11379999667406082,-9.805399894714355;-0.004171337001025677,-0.0023911010939627886,0.0017802357906475663;-0.020399998873472214,0.14319999516010284,0.0674000009894371;0.0,0.0,0.0;0.0;-0.713362991809845,-0.7007520198822021,4.600000102072954E-4;0.0
-0.21870553493499756,-0.552916944026947,-9.782909393310547;0.0;0.09679999947547913,-0.1136000007390976,-9.805500030517578;-0.005794493015855551,-0.0057246801443398,-0.0015882495790719986;-0.33219999074935913,-0.3962000012397766,0.008599999360740185;0.0,0.0,0.0;0.0;-0.7134910225868225,-0.700622022151947,5.389999714680016E-4;0.0
0.2699414789676666,-0.20340178906917572,-9.643749237060547;0.0;0.09690000116825104,-0.11449999362230301,-9.805500030517578;0.005044001620262861,0.006248278543353081,-0.004450589418411255;0.39329999685287476,0.2223999947309494,0.22439999878406525;0.0,0.0,0.0;0.0;-0.7133949995040894,-0.7007200121879578,5.629999795928597E-4;0.0
0.29040709137916565,0.2610158622264862,-9.679163932800293;0.0;0.09709999710321426,-0.1151999980211258,-9.805399894714355;-0.004642575979232788,2.2689280740451068E-4,0.0028797932900488377;-0.02850000001490116,0.15439999103546143,0.0674000009894371;0.0,0.0,0.0;0.0;-0.7133790254592896,-0.7007359862327576,5.750000127591193E-4;0.0
-0.22354182600975037,-0.537421703338623,-9.778053283691406;0.0;0.09459999948740005,-0.11679999530315399,-9.805399894714355;-2.7925267932005227E-4,-1.7453292093705386E-4,7.330382941290736E-4;-0.18289999663829803,-0.3929999768733978,0.07719999551773071;0.0,0.0,0.0;0.0;-0.7136290073394775,-0.7004809975624084,7.2900002123788E-4;0.0
0.49730440974235535,0.12702676653862,-9.59235954284668;0.0;0.0949999988079071,-0.11999999731779099,-9.805399894714355;1.7453292093705386E-4,0.0015882495790719986,-0.00188495556358248;0.45399999618530273,0.45339998602867126,0.22429999709129333;0.0,0.0,0.0;0.0;-0.7137050032615662,-0.700402021408081,8.249999955296516E-4;0.0
0.025512613356113434,-0.011300632730126381,-9.757137298583984;0.0;0.09470000118017197,-0.12029999494552612,-9.805399894714355;-0.0020420351065695286,4.3633230961859226E-4,0.0015358896926045418;-0.31039997935295105,-0.34049999713897705,0.018400000408291817;0.0,0.0,0.0;0.0;-0.7138649821281433,-0.7002390027046204,8.539999835193157E-4;0.0
-0.13736014068126678,-0.5189958810806274,-9.761495590209961;0.0;0.09359999746084213,-0.12299999594688416,-9.805399894714355;0.0024958208668977022,0.0025307273026555777,5.759586347267032E-4;0.22010000050067902,0.005399999674409628,0.21449999511241913;0.0,0.0,0.0;0.0;-0.7140659689903259,-0.7000330090522766,9.850000496953726E-4;0.0
0.5628384947776794,0.21961532533168793,-9.566483497619629;0.0;0.10080000013113022,-0.12060000002384186,-9.805299758911133;0.002827433403581381,1.0471975838299841E-4,-0.0010995573829859495;0.3012000024318695,0.44429999589920044,0.17520000040531158;0.0,0.0,0.0;0.0;-0.7137330174446106,-0.7003710269927979,6.489999941550195E-4;0.0
0.14321155846118927,0.11159852892160416,-9.72851276397705;0.0;0.09730000048875809,-0.12289999425411224,-9.805299758911133;-0.0014660765882581472,-0.0030194194987416267,-5.934119690209627E-4;-0.27379998564720154,-0.21040000021457672,-0.0011999999405816197;0.0,0.0,0.0;0.0;-0.7139019966125488,-0.7001990079879761,8.459999808110297E-4;0.0
-0.23349212110042572,-0.5385326147079468,-9.778800964355469;0.0;0.0997999981045723,-0.12189999967813492,-9.805299758911133;-0.003403391921892762,9.948377264663577E-4,-3.490658418741077E-4;-0.27629998326301575,-0.4075999855995178,0.03790000081062317;0.0,0.0,0.0;0.0;-0.7139970064163208,-0.7001019716262817,7.140000234358013E-4;0.0
0.0372154675424099,-0.42927077412605286,-9.690818786621094;0.0;0.09849999845027924,-0.12429999560117722,-9.805299758911133;0.002234021434560418,-0.00143117003608495,-0.003857177682220936;0.37209999561309814,0.2125999927520752,0.21439999341964722;0.0,0.0,0.0;0.0;-0.7140169739723206,-0.7000799775123596,8.590000215917826E-4;0.0
0.5595440864562988,0.33901894092559814,-9.596927642822266;0.0;0.10209999978542328,-0.125,-9.805299758911133;0.0013613568153232336,0.0010646508308127522,-8.552113431505859E-4;0.13319998979568481,0.32109999656677246,0.10649999976158142;0.0,0.0,0.0;0.0;-0.7138990163803101,-0.7002000212669373,7.450000266544521E-4;0.0
-0.07883626967668533,-0.16921259462833405,-9.782066345214844;0.0;0.10080000013113022,-0.12469999492168427,-9.805299758911133;-0.0038746309000998735,-0.002251474652439356,0.0055850534699857235;-0.3164999783039093,-0.39489999413490295,0.03790000081062317;0.0,0.0,0.0;0.0;-0.7140030264854431,-0.7000939846038818,7.859999896027148E-4;0.0
-0.032925061881542206,-0.47876372933387756,-9.712261199951172;0.0;0.10179999470710754,-0.1264999955892563,-9.805299758911133;6.806784076616168E-4,-6.2831852119416E-4,-0.001343903481028974;0.3001999855041504,0.1264999955892563,0.21439999341964722;0.0,0.0,0.0;0.0;-0.7140089869499207,-0.7000870108604431,8.120000129565597E-4;0.0
0.5599176287651062,0.2865380644798279,-9.589515686035156;0.0;0.10379999876022339,-0.12719999253749847,-9.80519962310791;5.061454721726477E-4,0.0010646508308127522,-0.0013788101496174932;0.2393999993801117,0.4115999937057495,0.14569999277591705;0.0,0.0,0.0;0.0;-0.7139599919319153,-0.7001349925994873,7.6299998909235E-4;0.0
0.03196737915277481,-0.008973468095064163,-9.746862411499023;0.0;0.09910000115633011,-0.12849999964237213,-9.805299758911133;-0.0019373154500499368,-1.0471975838299841E-4,0.001518436474725604;-0.3246999979019165,-0.32249999046325684,0.00839999970048666;0.0,0.0,0.0;0.0;-0.7140970230102539,-0.6999970078468323,9.740000241436064E-4;0.0
0.3906475305557251,-0.03182372823357582,-9.61050796508789;0.0;0.09799999743700027,-0.1298999935388565,-9.80519962310791;-0.0010471974965184927,6.981316983001307E-5,6.981316983001307E-5;-0.019600000232458115,-0.2425999939441681,0.15549999475479126;0.0,0.0,0.0;0.0;-0.71418297290802,-0.699908971786499,0.0010639999527484179;0.0
0.33610761165618896,0.2748543620109558,-9.664922714233398;0.0;0.09699999541044235,-0.12690000236034393,-9.805299758911133;-4.886921960860491E-4,6.2831852119416E-4,-9.250245057046413E-4;0.4520999789237976,0.4702000021934509,0.21439999341964722;0.0,0.0,0.0;0.0;-0.7140679955482483,-0.7000280022621155,9.720000089146197E-4;0.0
-0.16364847123622894,-0.2794416546821594,-9.789823532104492;0.0;0.09829999506473541,-0.12529999017715454,-9.805299758911133;-0.0037000980228185654,-0.0025830871891230345,0.003508111694827676;-0.25519999861717224,-0.14919999241828918,0.018299998715519905;0.0,0.0,0.0;0.0;-0.714061975479126,-0.7000349760055542,8.950000046752393E-4;0.0
