23.0
calibration_0001.txt
0.16095739603042603,-0.10440634936094284,-9.72351360321045;0.0;0.16049998998641968,-0.08289999514818192,-9.804900169372559;5.2359879191499203E-5,9.948377264663577E-4,-3.8397242315113544E-4;-0.003599999938160181,-0.005200000014156103,0.08649999648332596;0.0,0.0,0.0;0.0;-0.6340579986572266,-0.7732300162315369,-0.001921999966725707;0.0
0.31436824798583984,0.4116494655609131,-9.471835136413574;0.0;0.15619999170303345,-0.07899999618530273,-9.804999351501465;-0.003351032268255949,-0.00296705961227417,4.7123889089562E-4;-0.3621000051498413,-0.25429999828338623,-0.6585999727249146;0.0,0.0,0.0;0.0;-0.6340950131416321,-0.7732030153274536,-0.001934999949298799;0.0
0.15908992290496826,0.7492414712905884,-8.979251861572266;0.0;0.15719999372959137,-0.07909999787807465,-9.804999351501465;0.004345869645476341,0.008272860199213028,0.0015533430268988013;0.4408999979496002,0.7263999581336975,0.5867999792098999;0.0,0.0,0.0;0.0;-0.6344929933547974,-0.7728760242462158,-0.001969000091776252;0.0
0.5793105959892273,-0.9526241421699524,-10.288612365722656;0.0;0.15699999034404755,-0.0803999975323677,-9.804999351501465;0.0016929693520069122,0.001518436474725604,4.0142572834156454E-4;0.33319997787475586,-0.851099967956543,-0.4918999969959259;0.0,0.0,0.0;0.0;-0.6348699927330017,-0.7725650072097778,-0.0019160000374540687;0.0
-0.6986088752746582,0.1943134218454361,-9.392175674438477;0.0;0.15600000321865082,-0.07989999651908875,-9.804999351501465;-4.7123889089562E-4,0.003281218931078911,2.7925267932005227E-4;-0.6660000085830688,0.609499990940094,0.6259999871253967;0.0,0.0,0.0;0.0;-0.6352009773254395,-0.7722939848899841,-0.0019069999689236283;0.0
1.0348026752471924,-0.271148145198822,-9.979348182678223;0.0;0.15929999947547913,-0.07939999550580978,-9.804999351501465;-0.003089232835918665,-7.679448463022709E-4,-5.235987482592463E-4;-0.22789999842643738,-0.8618999719619751,-0.3643999993801117;0.0,0.0,0.0;0.0;-0.635565996170044,-0.771992027759552,-0.00203699991106987;0.0
0.11151233315467834,0.7845990657806396,-9.089051246643066;0.0;0.1590999960899353,-0.07739999890327454,-9.804999351501465;0.004136430099606514,0.00823795422911644,0.0025656339712440968;0.7527999877929688,0.36169999837875366,0.21409998834133148;0.0,0.0,0.0;0.0;-0.635899007320404,-0.7717189788818359,-0.0021150000393390656;0.0
-0.3187544345855713,-0.7930649518966675,-10.061728477478027;0.0;0.16579999029636383,-0.07919999957084656,-9.804900169372559;-0.0049916417337954044,-0.010192723013460636,-0.003351032268255949;-0.8816999793052673,0.03009999915957451,0.2727999985218048;0.0,0.0,0.0;0.0;-0.6363210082054138,-0.7713670134544373,-0.002266000024974346;0.0
0.9644898176193237,0.20778797566890717,-9.623283386230469;0.0;0.16089999675750732,-0.07580000162124634,-9.804999351501465;0.001029744278639555,0.0019373154500499368,0.003263765713199973;0.7019999623298645,-0.5812000036239624,-0.40359997749328613;0.0,0.0,0.0;0.0;-0.6366090178489685,-0.7711319923400879,-0.002240000059828162;0.0
-0.7052839398384094,0.22041019797325134,-9.353801727294922;0.0;0.1630999892950058,-0.07530000060796738,-9.804999351501465;-0.0031241392716765404,-0.003281218931078911,-8.901178953237832E-4;-0.17289999127388,0.8009999990463257,0.7239999771118164;0.0,0.0,0.0;0.0;-0.6369590163230896,-0.7708420157432556,-0.0023360000923275948;0.0
0.5884756445884705,-0.866068959236145,-10.28110408782959;0.0;0.16499999165534973,-0.07599999755620956,-9.804900169372559;6.981316983001307E-5,0.0020769417751580477,-3.8397242315113544E-4;-0.5669999718666077,-0.6495999693870544,-0.21739999949932098;0.0,0.0,0.0;0.0;-0.6373670101165771,-0.7705039978027344,-0.002374999923631549;0.0
0.5709692239761353,0.6470569372177124,-9.256634712219238;0.0;0.1648000031709671,-0.07429999858140945,-9.804900169372559;-9.075712296180427E-4,0.005323254037648439,0.0015533430268988013;0.8942999839782715,-0.06279999762773514,-0.08989999443292618;0.0,0.0,0.0;0.0;-0.637740969657898,-0.7701950073242188,-0.0024389999452978373;0.0
-0.6895492672920227,-0.354619562625885,-9.71871566772461;0.0;0.16579999029636383,-0.07369999587535858,-9.804900169372559;3.316125657875091E-4,0.0010122909443452954,-1.0471975838299841E-4;-0.6660000085830688,0.5640000104904175,0.635699987411499;0.0,0.0,0.0;0.0;-0.6381509900093079,-0.7698550224304199,-0.0025019999593496323;0.0
0.978548526763916,-0.45763731002807617,-10.109363555908203;0.0;0.1678999960422516,-0.07449999451637268,-9.804900169372559;-0.002024581888690591,-0.0038222710136324167,-0.001117010717280209;0.724399983882904,-0.5236999988555908,-0.3840999901294708;0.0,0.0,0.0;0.0;-0.6385719776153564,-0.7695040106773376,-0.0025450000539422035;0.0
-0.2088605761528015,0.695362389087677,-9.08513355255127;0.0;0.1673000007867813,-0.07199999690055847,-9.804900169372559;0.005794493015855551,0.01129228062927723,-5.934119690209627E-4;0.8818999528884888,0.003399999812245369,-0.060499999672174454;0.0,0.0,0.0;0.0;-0.6388360261917114,-0.7692840099334717,-0.0026630000211298466;0.0
-0.7116907835006714,-0.2745766341686249,-9.659588813781738;0.0;0.17099998891353607,-0.07319999486207962,-9.804800033569336;-0.004625122528523207,-0.010349802672863007,-0.0033684854861348867;-0.4161999821662903,0.7203999757766724,0.7238999605178833;0.0,0.0,0.0;0.0;-0.6391860246658325,-0.7689930200576782,-0.0027069998905062675;0.0
0.63713538646698,-0.8139423727989197,-10.269506454467773;0.0;0.171999990940094,-0.07279999554157257,-9.804800033569336;-0.002146754879504442,-6.981316837482154E-4,-0.0019547687843441963;-0.7407999634742737,-0.4763000011444092,-0.08999999612569809;0.0,0.0,0.0;0.0;-0.6395750045776367,-0.768667995929718,-0.0027540000155568123;0.0
0.8569900989532471,0.416093111038208,-9.463071823120117;0.0;0.17090000212192535,-0.07099999487400055,-9.804900169372559;0.0031415927223861217,0.005323254037648439,0.003717551240697503;0.8391000032424927,-0.2524999976158142,-0.23709999024868011;0.0,0.0,0.0;0.0;-0.6400390267372131,-0.768284022808075,-0.002795000094920397;0.0
-0.24054065346717834,0.6544885039329529,-9.110703468322754;0.0;0.17219999432563782,-0.07000000029802322,-9.804800033569336;-8.028514566831291E-4,6.457717972807586E-4,3.490658418741077E-4;0.3179999887943268,0.7368999719619751,0.5866000056266785;0.0,0.0,0.0;0.0;-0.640408992767334,-0.7679740190505981,-0.002882000058889389;0.0
-0.6637876629829407,-0.43693220615386963,-9.77255630493164;0.0;0.17189998924732208,-0.06790000200271606,-9.804900169372559;-0.002740166848525405,-0.004014257341623306,-0.0020420351065695286;-0.8583999872207642,0.2443999946117401,0.46889999508857727;0.0,0.0,0.0;0.0;-0.6407619714736938,-0.7676810026168823,-0.002959999954327941;0.0
0.6067864894866943,-0.8101117014884949,-10.275875091552734;0.0;0.17239999771118164,-0.06729999929666519,-9.804900169372559;-4.1887903353199363E-4,-0.0012217304902151227,-4.0142572834156454E-4;-0.22139999270439148,-0.8151999711990356,-0.37439998984336853;0.0,0.0,0.0;0.0;-0.6411700248718262,-0.7673400044441223,-0.003005000064149499;0.0
0.8869655132293701,0.3642059564590454,-9.490750312805176;0.0;0.17509999871253967,-0.06859999895095825,-9.804800033569336;0.004188789986073971,0.006300638429820538,0.0010995573829859495;0.8642999529838562,-0.17649999260902405,-0.19789999723434448;0.0,0.0,0.0;0.0;-0.6416280269622803,-0.7669550180435181,-0.003046999918296933;0.0
-0.387247771024704,0.5524285435676575,-9.137758255004883;0.0;0.18279999494552612,-0.06619999557733536,-9.804699897766113;-0.001483529806137085,0.0019896754529327154,6.981316983001307E-5;-0.06509999930858612,0.7820000052452087,0.7236999869346619;0.0,0.0,0.0;0.0;-0.6420180201530457,-0.7666249871253967,-0.0033970000222325325;0.0
-0.7397987842559814,-0.07467994093894958,-9.516674041748047;0.0;0.1876000016927719,-0.06799999624490738,-9.80459976196289;-0.00411897711455822,-0.006963863503187895,-0.002687806962057948;-0.5896999835968018,0.6171999573707581,0.6843999624252319;0.0,0.0,0.0;0.0;-0.6423249840736389,-0.7663639783859253,-0.0034860000014305115;0.0
0.02715982496738434,-0.9082452058792114,-10.213607788085938;0.0;0.1816999912261963,-0.06449999660253525,-9.804699897766113;-0.006370451766997576,-0.011135200969874859,-0.004066617228090763;-0.03460000082850456,-0.8375999927520752,-0.4529999792575836;0.0,0.0,0.0;0.0;-0.6426140069961548,-0.7661269903182983,-0.003432000055909157;0.0
1.0658985376358032,-0.033537980169057846,-9.840704917907715;0.0;0.17979998886585236,-0.06289999932050705,-9.804699897766113;0.003281218931078911,0.010524335317313671,0.002548180753365159;0.8596000075340271,-0.08410000056028366,-0.09009999781847;0.0,0.0,0.0;0.0;-0.642911970615387,-0.7658780217170715,-0.003435000078752637;0.0
0.26573723554611206,0.7226849794387817,-9.142642974853516;0.0;0.18439999222755432,-0.06309999525547028,-9.804699897766113;-3.490658491500653E-5,2.7925267932005227E-4,0.0027925267349928617;0.3057999908924103,0.7202000021934509,0.5863999724388123;0.0,0.0,0.0;0.0;-0.643297016620636,-0.765550971031189,-0.0035830000415444374;0.0
-0.6276543736457825,0.28519728779792786,-9.294721603393555;0.0;0.1890999972820282,-0.06549999862909317,-9.80459976196289;-0.001972222002223134,-5.759586347267032E-4,-1.3962633966002613E-4;-0.5224999785423279,0.6342999935150146,0.6843999624252319;0.0,0.0,0.0;0.0;-0.6437379717826843,-0.7651770114898682,-0.0036490000784397125;0.0
-0.6115556955337524,-0.5212751626968384,-9.85438060760498;0.0;0.19110000133514404,-0.06459999829530716,-9.804499626159668;-0.0038746309000998735,-0.006457718089222908,-0.0019198621157556772;-0.9265999794006348,0.035099998116493225,0.2920999825000763;0.0,0.0,0.0;0.0;-0.6441500186920166,-0.7648289799690247,-0.003756999969482422;0.0
-0.03145981207489967,-0.9030545949935913,-10.215072631835938;0.0;0.19059999287128448,-0.06480000168085098,-9.804499626159668;-0.004049163777381182,-0.009005898609757423,-0.0028623400721699;-0.4749999940395355,-0.7490999698638916,-0.2962000072002411;0.0,0.0,0.0;0.0;-0.6445389986038208,-0.7645019888877869,-0.003739000065252185;0.0
0.9022788405418396,-0.536033034324646,-10.152210235595703;0.0;0.18709999322891235,-0.06119999662041664,-9.80459976196289;-0.0016231562476605177,-2.617993741296232E-4,2.0943951676599681E-4;0.3815999925136566,-0.7427999973297119,-0.462799996137619;0.0,0.0,0.0;0.0;-0.644868016242981,-0.7642269730567932,-0.003766000038012862;0.0
0.9834997653961182,0.25131455063819885,-9.615975379943848;0.0;0.18709999322891235,-0.05959999933838844,-9.80459976196289;-0.0017278759041801095,-0.0025656339712440968,-5.934119690209627E-4;0.8130999803543091,0.2458999902009964,0.1647000014781952;0.0,0.0,0.0;0.0;-0.6451719999313354,-0.7639709711074829,-0.0038330000825226307;0.0
0.5957826972007751,0.6349997520446777,-9.244214057922363;0.0;0.18859998881816864,-0.05949999764561653,-9.80459976196289;0.003752457909286022,0.010576695203781128,0.005148721393197775;0.6154999732971191,0.5400999784469604,0.4195999801158905;0.0,0.0,0.0;0.0;-0.6454899907112122,-0.7637010216712952,-0.0038880000356584787;0.0
-0.41186973452568054,0.4906677007675171,-9.16799259185791;0.0;0.19349999725818634,-0.06030000001192093,-9.804499626159668;0.00143117003608495,0.0036651913542300463,0.0015358896926045418;-0.06599999964237213,0.7663999795913696,0.7038999795913696;0.0,0.0,0.0;0.0;-0.6458619832992554,-0.7633839845657349,-0.004023000132292509;0.0
-0.7149181962013245,0.04711788892745972,-9.471088409423828;0.0;0.19820000231266022,-0.06159999966621399,-9.804399490356445;-0.002548180753365159,-0.002478367416188121,-9.599310578778386E-4;-0.5119999647140503,0.6107999682426453,0.6940000057220459;0.0,0.0,0.0;0.0;-0.6462939977645874,-0.763014018535614,-0.004133000038564205;0.0
-0.6753659844398499,-0.42053675651550293,-9.785618782043457;0.0;0.2013999968767166,-0.0608999989926815,-9.804299354553223;-0.0033859387040138245,-0.0015009831404313445,-0.004310963209718466;-0.9368999600410461,-0.06639999896287918,0.26249998807907104;0.0,0.0,0.0;0.0;-0.6466079950332642,-0.7627459764480591,-0.004269000142812729;0.0
-0.5184212923049927,-0.6462141871452332,-9.962215423583984;0.0;0.204599991440773,-0.06059999763965607,-9.804299354553223;-0.0034208453726023436,-0.004293509759008884,-0.0022165682166814804;-0.6459000110626221,-0.6355999708175659,-0.18859998881816864;0.0,0.0,0.0;0.0;-0.6469810009002686,-0.7624269723892212,-0.004395000170916319;0.0
0.12756305932998657,-0.9061957597732544,-10.250563621520996;0.0;0.20919999480247498,-0.06209999695420265,-9.804200172424316;-0.0026179938577115536,-0.0028623400721699,-0.0013788101496174932;0.22219999134540558,-0.7615000009536743,-0.45350000262260437;0.0,0.0,0.0;0.0;-0.6473919749259949,-0.7620750069618225,-0.004488999955356121;0.0
0.9737026691436768,-0.432220458984375,-10.11451530456543;0.0;0.21239998936653137,-0.06239999830722809,-9.804100036621094;0.0010122909443452954,0.0038746309000998735,1.7453292093705386E-4;0.8269999623298645,-0.06499999761581421,-0.08089999854564667;0.0,0.0,0.0;0.0;-0.6477940082550049,-0.761730968952179,-0.0045889997854828835;0.0
0.8694112300872803,0.4073590338230133,-9.457547187805176;0.0;0.211899995803833,-0.05989999696612358,-9.804100036621094;-0.0015358896926045418,-0.0016231562476605177,1.9198621157556772E-4;0.4351999759674072,0.6189000010490417,0.536799967288971;0.0,0.0,0.0;0.0;-0.6480870246887207,-0.7614830136299133,-0.004677999764680862;0.0
0.058217406272888184,0.6884096264839172,-9.084884643554688;0.0;0.210999995470047,-0.05559999868273735,-9.804200172424316;-0.001972222002223134,-0.002740166848525405,-6.806784076616168E-4;-0.24039998650550842,0.7027999758720398,0.7231999635696411;0.0,0.0,0.0;0.0;-0.6483150124549866,-0.7612900137901306,-0.00481700012460351;0.0
-0.5822315812110901,0.33797508478164673,-9.24255657196045;0.0;0.20839999616146088,-0.05570000037550926,-9.804200172424316;0.003228859044611454,0.005951572675257921,-1.5707963029854E-4;-0.4829999804496765,0.6342999935150146,0.6937999725341797;0.0,0.0,0.0;0.0;-0.6486020088195801,-0.7610470056533813,-0.004732000175863504;0.0
-0.6916369795799255,0.12627018988132477,-9.38706111907959;0.0;0.20789998769760132,-0.05509999766945839,-9.804200172424316;-0.0038746309000998735,-0.0057246801443398,-0.00205948855727911;-0.9139999747276306,0.12379999458789825,0.39969998598098755;0.0,0.0,0.0;0.0;-0.6488950252532959,-0.7607979774475098,-0.004741000011563301;0.0
-0.6497001051902771,-0.46209052205085754,-9.818746566772461;0.0;0.20719999074935913,-0.054499998688697815,-9.804299354553223;-0.005340707488358021,-0.008831365965306759,-0.0038222710136324167;-0.8543999791145325,-0.41609999537467957,-0.01209999993443489;0.0,0.0,0.0;0.0;-0.6492509841918945,-0.7604939937591553,-0.004745999816805124;0.0
-0.17342638969421387,-0.8645461797714233,-10.177157402038574;0.0;0.20399999618530273,-0.05179999768733978,-9.804299354553223;-0.0011519172694534063,-0.0016929693520069122,-0.004345869645476341;-0.1451999992132187,-0.8306999802589417,-0.42389997839927673;0.0,0.0,0.0;0.0;-0.6495130062103271,-0.7602739930152893,-0.004749999847263098;0.0
0.6614987850189209,-0.7095935344696045,-10.214717864990234;0.0;0.20559999346733093,-0.05299999937415123,-9.804299354553223;-7.504915702156723E-4,-6.981316983001307E-5,-8.726646192371845E-4;0.3140999972820282,-0.7412999868392944,-0.43369999527931213;0.0,0.0,0.0;0.0;-0.6498730182647705,-0.7599650025367737,-0.004759000148624182;0.0
1.0480186939239502,-0.06482540816068649,-9.846776962280273;0.0;0.20809999108314514,-0.05249999836087227,-9.804299354553223;-0.0021293016616255045,0.002775073517113924,6.2831852119416E-4;0.8312999606132507,0.003499999875202775,-0.031700000166893005;0.0,0.0,0.0;0.0;-0.6502839922904968,-0.7596120238304138,-0.004865000024437904;0.0
1.0480186939239502,-0.06482540816068649,-9.846776962280273;0.0;0.20889998972415924,-0.0494999997317791,-9.804200172424316;-0.0021293016616255045,0.002775073517113924,6.2831852119416E-4;0.7421999573707581,-0.35249999165534973,-0.2768999934196472;0.0,0.0,0.0;0.0;-0.6505399942398071,-0.7593920230865479,-0.005011000204831362;0.0
0.989494800567627,0.21442469954490662,-9.621809005737305;0.0;0.2101999968290329,-0.05119999870657921,-9.804200172424316;0.0038397242315113544,0.013561207801103592,0.003752457909286022;0.7802000045776367,-0.1938999891281128,-0.15919999778270721;0.0,0.0,0.0;0.0;-0.650892972946167,-0.7590879797935486,-0.004995000082999468;0.0
0.8385164737701416,0.4378228783607483,-9.424966812133789;0.0;0.211899995803833,-0.0478999987244606,-9.804200172424316;0.004625122528523207,0.003455751808360219,-3.8397242315113544E-4;0.8078999519348145,0.0478999987244606,-0.0023999998811632395;0.0,0.0,0.0;0.0;-0.6512479782104492,-0.7587829828262329,-0.005193999968469143;0.0
