200.0
calibration_0001.txt
0.16398365795612335,-0.06541916728019714,-9.703105926513672;0.0;0.17649999260902405,-0.03749999776482582,-9.804900169372559;-0.0025307273026555777,-9.250245057046413E-4,-0.0010995573829859495;-0.04899999871850014,-0.05069999769330025,0.15519998967647552;0.0,0.0,0.0;0.0;-0.7954580187797546,-0.6059380173683167,-0.006000999826937914;0.0
-0.26229915022850037,0.13787728548049927,-10.092470169067383;0.0;0.16619999706745148,-0.037299998104572296,-9.805099487304688;-0.0013962633674964309,0.0012042771559208632,-8.552113431505859E-4;0.39259999990463257,-0.6196999549865723,0.429999977350235;0.0,0.0,0.0;0.0;-0.7953640222549438,-0.6060689687728882,-0.005590000189840794;0.0
0.5822027921676636,-0.6167463660240173,-9.463340759277344;0.0;0.17109999060630798,-0.03869999945163727,-9.804999351501465;-0.0012740903766825795,0.002740166848525405,0.001658062799833715;-0.1119999960064888,-0.6577000021934509,-0.2662999927997589;0.0,0.0,0.0;0.0;-0.7953429818153381,-0.6060929894447327,-0.0057390001602470875;0.0
0.5173965692520142,-0.6277405619621277,-9.562010765075684;0.0;0.17430000007152557,-0.036399997770786285,-9.804999351501465;-3.316125657875091E-4,0.0012217304902151227,-0.0017278759041801095;0.1589999943971634,-0.6891999840736389,0.03759999945759773;0.0,0.0,0.0;0.0;-0.7953069806098938,-0.6061379909515381,-0.005942000076174736;0.0
0.6364554166793823,-0.38050568103790283,-9.29581356048584;0.0;0.17909999191761017,-0.03700000047683716,-9.804900169372559;5.759586347267032E-4,0.003979350905865431,-0.0011519172694534063;0.016999999061226845,-0.6886000037193298,-0.1193000003695488;0.0,0.0,0.0;0.0;-0.7953879833221436,-0.6060270071029663,-0.006120000034570694;0.0
0.666689395904541,-0.22143492102622986,-9.200400352478027;0.0;0.18889999389648438,-0.037699997425079346,-9.804699897766113;-0.0024434609804302454,0.0036128314677625895,-0.0012217304902151227;0.11499999463558197,-0.6877999901771545,-0.011599999852478504;0.0,0.0,0.0;0.0;-0.7953869700431824,-0.6060220003128052,-0.0064929998479783535;0.0
0.41964608430862427,0.35514628887176514,-9.135066986083984;0.0;0.20170000195503235,-0.03849999979138374,-9.804499626159668;7.330382941290736E-4,0.005811946466565132,-0.001518436474725604;0.16110000014305115,-0.6674999594688416,0.0762999951839447;0.0,0.0,0.0;0.0;-0.7953670024871826,-0.6060370206832886,-0.006988999899476767;0.0
0.6454288959503174,-0.1929151862859726,-9.190957069396973;0.0;0.21249999105930328,-0.03909999877214432,-9.804200172424316;-0.0022689281031489372,0.001745329238474369,-0.0013788101496174932;0.022699998691678047,-0.6864999532699585,-0.08079999685287476;0.0,0.0,0.0;0.0;-0.7954400181770325,-0.6059309840202332,-0.007410999853163958;0.0
0.512866735458374,-0.5902473330497742,-9.521720886230469;0.0;0.21449999511241913,-0.03949999809265137,-9.804200172424316;-0.004869468510150909,-0.003979350905865431,-0.0028972465079277754;-0.4203999936580658,-0.4212999939918518,-0.3946000039577484;0.0,0.0,0.0;0.0;-0.7954229712486267,-0.6059510111808777,-0.007476999890059233;0.0
0.052614975720644,-0.6875285506248474,-10.060378074645996;0.0;0.20919999480247498,-0.03539999946951866,-9.804299354553223;-0.003089232835918665,-0.0029321531765162945,-0.0012042771559208632;-0.5328999757766724,0.1922999918460846,-0.24740000069141388;0.0,0.0,0.0;0.0;-0.7952650189399719,-0.6061649918556213,-0.007391999941319227;0.0
-0.3299688696861267,-0.1512177735567093,-10.194664001464844;0.0;0.20160000026226044,-0.029899999499320984,-9.804499626159668;5.585053586401045E-4,0.0032463124953210354,-3.490658491500653E-5;-0.20160000026226044,0.5692999958992004,0.2919999957084656;0.0,0.0,0.0;0.0;-0.7949870228767395,-0.6065359711647034,-0.007249999791383743;0.0
-0.2788095772266388,0.31193575263023376,-9.942190170288086;0.0;0.2035999894142151,-0.02719999849796295,-9.804399490356445;-0.0010995573829859495,0.0010122909443452954,-1.9198621157556772E-4;0.19839999079704285,0.39980000257492065,0.6547999978065491;0.0,0.0,0.0;0.0;-0.7947239875793457,-0.6068800091743469,-0.007410999853163958;0.0
0.11723926663398743,0.5399882793426514,-9.384284019470215;0.0;0.21089999377727509,-0.02419999986886978,-9.804299354553223;-0.0010995573829859495,-0.0010821041651070118,9.4247778179124E-4;0.4068000018596649,-0.18159998953342438,0.6154999732971191;0.0,0.0,0.0;0.0;-0.7945730090141296,-0.6070709824562073,-0.007795999757945538;0.0
0.5385996103286743,0.16843686997890472,-9.103635787963867;0.0;0.2239999920129776,-0.02319999970495701,-9.803999900817871;-0.001658062799833715,0.006352998316287994,-1.3962633966002613E-4;0.18779999017715454,-0.6435999870300293,0.15429998934268951;0.0,0.0,0.0;0.0;-0.7944319844245911,-0.607243001461029,-0.008356000296771526;0.0
0.6163920164108276,-0.2923511862754822,-9.251023292541504;0.0;0.2305999994277954,-0.02499999850988388,-9.803899765014648;0.0013264502631500363,0.0024434609804302454,8.726646192371845E-4;-0.210999995470047,-0.6417999863624573,-0.25769999623298645;0.0,0.0,0.0;0.0;-0.7945560216903687,-0.6070749759674072,-0.008569999597966671;0.0
0.16947117447853088,-0.7372896075248718,-9.944690704345703;0.0;0.2345999926328659,-0.02419999986886978,-9.803799629211426;-0.004956734832376242,-0.01012290921062231,-5.410520825535059E-4;-0.5582000017166138,0.03399999812245369,-0.3263999819755554;0.0,0.0,0.0;0.0;-0.7943739891052246,-0.6073089838027954,-0.008754000067710876;0.0
-0.27465322613716125,-0.38153040409088135,-10.215072631835938;0.0;0.23189999163150787,-0.01939999870955944,-9.803799629211426;-0.0013089969288557768,5.061454721726477E-4,5.585053586401045E-4;-0.290800005197525,0.5194999575614929,0.1834999918937683;0.0,0.0,0.0;0.0;-0.7941009998321533,-0.6076689958572388,-0.008790000341832638;0.0
0.011089942418038845,0.5482243299484253,-9.509337425231934;0.0;0.23389999568462372,-0.016699999570846558,-9.803799629211426;-6.981316983001307E-5,0.002321287989616394,1.9198621157556772E-4;0.2563000023365021,0.26179999113082886,0.7129999995231628;0.0,0.0,0.0;0.0;-0.7936540246009827,-0.6082509756088257,-0.008949000388383865;0.0
0.3467665910720825,0.43145427107810974,-9.191522598266602;0.0;0.2500999867916107,-0.019299998879432678,-9.803400039672852;-8.028514566831291E-4,0.0049916417337954044,-5.759586347267032E-4;-0.06379999965429306,-0.7062999606132507,-0.10119999945163727;0.0,0.0,0.0;0.0;-0.7935130000114441,-0.6084179878234863,-0.0095210000872612;0.0
0.3750564754009247,-0.691694438457489,-9.699954986572266;0.0;0.24969999492168427,-0.016200000420212746,-9.803400039672852;-0.002478367416188121,-0.003001966280862689,-0.0024434609804302454;-0.5733999609947205,-0.15039999783039093,-0.3856000006198883;0.0,0.0,0.0;0.0;-0.7932699918746948,-0.6087350249290466,-0.009600999765098095;0.0
-0.24010013043880463,-0.4440477788448334,-10.20777416229248;0.0;0.23600000143051147,-0.009499999694526196,-9.803799629211426;-0.0014660765882581472,-9.599310578778386E-4,0.0015882495790719986;-0.23600000143051147,0.5489000082015991,0.271699994802475;0.0,0.0,0.0;0.0;-0.792934000492096,-0.6091870069503784,-0.009246000088751316;0.0
-0.1515338122844696,0.46636176109313965,-9.734786033630371;0.0;0.24239999055862427,-0.008899999782443047,-9.80359935760498;0.0026529005263000727,0.010908307507634163,0.003036872949451208;0.37539997696876526,-0.04010000079870224,0.6638000011444092;0.0,0.0,0.0;0.0;-0.7928019762039185,-0.6093530058860779,-0.0095229996368289;0.0
0.6103969216346741,0.027830200269818306,-9.128411293029785;0.0;0.25540000200271606,-0.01269999984651804,-9.803299903869629;-0.002548180753365159,-0.0031241392716765404,-0.0021816615480929613;-0.13769999146461487,-0.6931999921798706,-0.15039999783039093;0.0,0.0,0.0;0.0;-0.7926819920539856,-0.6094939708709717,-0.009929000400006771;0.0
0.32972946763038635,-0.7041538953781128,-9.778091430664062;0.0;0.2540000081062317,-0.012000000104308128,-9.803299903869629;-0.0016406094655394554,-0.0014137167017906904,-8.552113431505859E-4;-0.567799985408783,-0.2035999894142151,-0.385699987411499;0.0,0.0,0.0;0.0;-0.7926409840583801,-0.6095499992370605,-0.00989300012588501;0.0
-0.04794149473309517,-0.6469899415969849,-10.118097305297852;0.0;0.243599995970726,-0.005399999674409628,-9.80359935760498;-0.004153883550316095,-0.005044001620262861,-7.504915702156723E-4;-0.5083999633789062,0.3093999922275543,-0.11089999973773956;0.0,0.0,0.0;0.0;-0.7924219965934753,-0.6098459959030151,-0.009677000343799591;0.0
-0.33814746141433716,-0.12253524363040924,-10.184560775756836;0.0;0.23759999871253967,8.999999845400453E-4,-9.803699493408203;-0.0013264502631500363,-0.0023561944253742695,-5.759586347267032E-4;-0.09049999713897705,0.499099999666214,0.47759997844696045;0.0,0.0,0.0;0.0;-0.7921289801597595,-0.6102319955825806,-0.00962700042873621;0.0
-0.21700087189674377,0.38678810000419617,-9.85090446472168;0.0;0.23899999260902405,0.0031999999191612005,-9.803699493408203;-5.759586347267032E-4,0.0025307273026555777,0.0013613568153232336;0.23160000145435333,0.28110000491142273,0.6736999750137329;0.0,0.0,0.0;0.0;-0.7920209765434265,-0.610372006893158,-0.009732999838888645;0.0
0.0962086021900177,0.548588216304779,-9.418886184692383;0.0;0.24249999225139618,0.004399999976158142,-9.80359935760498;7.679448463022709E-4,0.0038920841179788113,0.002600540639832616;0.38509997725486755,-0.12209999561309814,0.6441999673843384;0.0,0.0,0.0;0.0;-0.7920359969139099,-0.6103479862213135,-0.009933999739587307;0.0
0.23062866926193237,0.5146001577377319,-9.290546417236328;0.0;0.2451999932527542,0.004399999976158142,-9.803500175476074;-0.002460914198309183,-9.4247778179124E-4,-3.1415926059708E-4;0.3725000023841858,-0.2789999842643738,0.5852999687194824;0.0,0.0,0.0;0.0;-0.7920020222663879,-0.6103900074958801,-0.010041999630630016;0.0
0.5609901547431946,0.13380713760852814,-9.112791061401367;0.0;0.2483000010251999,0.002099999925121665,-9.803500175476074;-1.3962633966002613E-4,-0.002199114765971899,5.2359879191499203E-5;-0.12079999595880508,-0.7179999947547913,-0.1599999964237213;0.0,0.0,0.0;0.0;-0.7921090126037598,-0.610247015953064,-0.010099000297486782;0.0
0.24215912818908691,-0.7215836644172668,-9.861783981323242;0.0;0.2514999806880951,0.003700000001117587,-9.803400039672852;-0.004136430099606514,0.003525565145537257,-3.490658491500653E-5;-0.46719998121261597,0.35899999737739563,-0.042399998754262924;0.0,0.0,0.0;0.0;-0.7918999791145325,-0.6105149984359741,-0.010273999534547329;0.0
0.06346549838781357,0.5450639724731445,-9.465025901794434;0.0;0.2549999952316284,0.005200000014156103,-9.803299903869629;0.0028448866214603186,0.009320057928562164,0.0021642083302140236;0.2449999898672104,-0.5641999840736389,0.32019999623298645;0.0,0.0,0.0;0.0;-0.7914959788322449,-0.6110349893569946,-0.010459999553859234;0.0
0.5858707427978516,-0.45292550325393677,-9.365638732910156;0.0;0.2574000060558319,0.004999999888241291,-9.803199768066406;-0.003543018363416195,-0.004398229531943798,-0.002548180753365159;-0.5417999625205994,-0.28939998149871826,-0.40539997816085815;0.0,0.0,0.0;0.0;-0.7913569808006287,-0.6112120151519775,-0.010545000433921814;0.0
-0.2225458323955536,-0.46154460310935974,-10.189300537109375;0.0;0.24309998750686646,0.010400000028312206,-9.80359935760498;-0.003176499158143997,-0.006946410518139601,-6.981316983001307E-5;-0.24309998750686646,0.5288999676704407,0.27149999141693115;0.0,0.0,0.0;0.0;-0.7911339998245239,-0.611515998840332,-0.010135999880731106;0.0
-0.32877179980278015,-0.046409204602241516,-10.159163475036621;0.0;0.24729999899864197,0.011099999770522118,-9.803500175476074;7.504915702156723E-4,0.006230825558304787,0.00188495556358248;0.321399986743927,0.08689999580383301,0.7127000093460083;0.0,0.0,0.0;0.0;-0.7909960150718689,-0.6116909980773926,-0.010324999690055847;0.0
0.40786662697792053,0.37809234857559204,-9.171688079833984;0.0;0.26170000433921814,0.007999999448657036,-9.803099632263184;-3.1415926059708E-4,0.007225662935525179,-7.504915702156723E-4;0.05079999938607216,-0.7137999534606934,0.035599999129772186;0.0,0.0,0.0;0.0;-0.7908729910850525,-0.6118320226669312,-0.010848999954760075;0.0
0.6099468469619751,-0.41895657777786255,-9.335806846618652;0.0;0.26339998841285706,0.006099999882280827,-9.803099632263184;-3.665191470645368E-4,-1.7453292093705386E-4,-0.003054326167330146;-0.46939998865127563,-0.44739997386932373,-0.39579999446868896;0.0,0.0,0.0;0.0;-0.7909219861030579,-0.6117690205574036,-0.01081900019198656;0.0
0.06935523450374603,-0.6973351836204529,-10.051605224609375;0.0;0.2578999996185303,0.011299999430775642,-9.803199768066406;-0.003508111694827676,-0.00188495556358248,-2.2689280740451068E-4;-0.3264999985694885,0.4887999892234802,0.18289999663829803;0.0,0.0,0.0;0.0;-0.7905610203742981,-0.6122400164604187,-0.010750999674201012;0.0
-0.2214636504650116,0.4108833372592926,-9.859705924987793;0.0;0.25779998302459717,0.014299999922513962,-9.803199768066406;-8.901178953237832E-4,7.853981805965304E-4,6.457717972807586E-4;0.35989999771118164,-0.33789998292922974,0.5457000136375427;0.0,0.0,0.0;0.0;-0.7901489734649658,-0.6127719879150391,-0.010836999863386154;0.0
0.6395774483680725,-0.07716032862663269,-9.1461181640625;0.0;0.26260000467300415,0.01269999984651804,-9.803099632263184;-0.001518436474725604,0.0026179938577115536,-6.108652451075613E-4;-0.4390999972820282,-0.5029999613761902,-0.37610000371932983;0.0,0.0,0.0;0.0;-0.7901510000228882,-0.6127640008926392,-0.01097899954766035;0.0
0.08097190409898758,-0.7232787609100342,-10.014323234558105;0.0;0.2549000084400177,0.014699999243021011,-9.803299903869629;2.0943951676599681E-4,-9.4247778179124E-4,-0.0011693706037476659;-0.4607999920845032,0.3773999810218811,-0.042500000447034836;0.0,0.0,0.0;0.0;-0.789887011051178,-0.6131129860877991,-0.010730000212788582;0.0
-0.327823668718338,0.09162130951881409,-10.105484008789062;0.0;0.2565999925136566,0.018199998885393143,-9.803199768066406;-0.0017802357906475663,1.3962633966002613E-4,-4.7123889089562E-4;0.2629999816417694,0.20719999074935913,0.692799985408783;0.0,0.0,0.0;0.0;-0.7895020246505737,-0.6136069893836975,-0.010905000381171703;0.0
0.2310308814048767,0.500407338142395,-9.290144920349121;0.0;0.26170000433921814,0.01759999990463257,-9.803099632263184;-0.003508111694827676,-0.005201081279665232,-0.0014486232539638877;0.12069999426603317,-0.6942999958992004,0.14350000023841858;0.0,0.0,0.0;0.0;-0.7892910242080688,-0.6138719916343689,-0.011087000370025635;0.0
0.5948633551597595,-0.43947967886924744,-9.344013214111328;0.0;0.2622999846935272,0.01640000008046627,-9.803099632263184;-0.005218534264713526,-0.007033676840364933,-0.003263765713199973;-0.5073999762535095,-0.39879998564720154,-0.40549999475479126;0.0,0.0,0.0;0.0;-0.7894079685211182,-0.6137210130691528,-0.011075000278651714;0.0
-0.28015032410621643,-0.36425384879112244,-10.218108177185059;0.0;0.26649999618530273,0.020600000396370888,-9.802999496459961;-0.0011693706037476659,0.004485496319830418,0.0;-0.41359999775886536,0.4107999801635742,0.035499997437000275;0.0,0.0,0.0;0.0;-0.7891579866409302,-0.6140369772911072,-0.011371999979019165;0.0
-0.1433456391096115,0.45725420117378235,-9.773869514465332;0.0;0.272599995136261,0.020800000056624413,-9.802800178527832;0.002548180753365159,0.005951572675257921,0.0021118484437465668;0.35499998927116394,-0.24639999866485596,0.5845000147819519;0.0,0.0,0.0;0.0;-0.7888820171356201,-0.6143850088119507,-0.011620000004768372;0.0
0.2593686580657959,0.4969404935836792,-9.298341751098633;0.0;0.28139999508857727,0.01860000006854534,-9.802499771118164;-0.0021816615480929613,-0.0012217304902151227,-0.0021816615480929613;-0.3206000030040741,-0.6560999751091003,-0.31779998540878296;0.0,0.0,0.0;0.0;-0.7888199687004089,-0.614454984664917,-0.011908000335097313;0.0
0.18511967360973358,-0.742451548576355,-9.934673309326172;0.0;0.26969999074935913,0.02410000003874302,-9.802899360656738;-0.004345869645476341,-0.007155850064009428,-0.0015358896926045418;-0.3872999846935272,0.4562999904155731,0.09429999440908432;0.0,0.0,0.0;0.0;-0.7884309887886047,-0.6149669885635376,-0.01160299964249134;0.0
-0.2842109203338623,0.2832340598106384,-9.993484497070312;0.0;0.2736999988555908,0.024899998679757118,-9.80270004272461;-9.075712296180427E-4,0.004712388850748539,0.0027925267349928617;0.334199994802475,-0.0640999972820282,0.6825999617576599;0.0,0.0,0.0;0.0;-0.7882969975471497,-0.6151350140571594,-0.011785999871790409;0.0
0.3237631320953369,0.4461163878440857,-9.222771644592285;0.0;0.28110000491142273,0.021699998527765274,-9.802499771118164;-0.0011344640515744686,0.0014137167017906904,-1.9198621157556772E-4;-0.03590000048279762,-0.7669999599456787,-0.023599999025464058;0.0,0.0,0.0;0.0;-0.7883020043373108,-0.615119993686676,-0.011982000432908535;0.0
