49.0
calibration_0001.txt
0.16015294194221497,-0.0828106477856636,-9.700979232788086;0.0;0.13109999895095825,-0.09389999508857727,-9.805299758911133;-0.0014486232539638877,9.4247778179124E-4,5.585053586401045E-4;-0.003599999938160181,-0.003999999724328518,0.10649999976158142;0.0,0.0,0.0;0.0;-0.7359300255775452,-0.6770070195198059,-0.0016759999562054873;0.0
0.15126566588878632,-0.13417106866836548,-9.67814826965332;0.0;0.12319999933242798,-0.09939999878406525,-9.805299758911133;-0.0024958208668977022,0.0012915435945615172,0.0;-0.8194999694824219,0.5015000104904175,-0.19739998877048492;0.0,0.0,0.0;0.0;-0.7363449931144714,-0.6765570044517517,-0.001196000026538968;0.0
-0.4335995316505432,-0.5406586527824402,-10.388154029846191;0.0;0.1151999980211258,-0.09669999778270721,-9.805399894714355;-0.006702064536511898,-0.0161268413066864,-0.005777040030807257;0.28679999709129333,0.7046999931335449,0.9990999698638916;0.0,0.0,0.0;0.0;-0.7360180020332336,-0.6769170165061951,-9.81000019237399E-4;0.0
-0.6240247488021851,0.26152342557907104,-9.526824951171875;0.0;0.10889999568462372,-0.09479999542236328,-9.805500030517578;-0.0039618974551558495,-0.0057246801443398,-0.0021293016616255045;0.6068999767303467,-0.6111999750137329,-0.4226999878883362;0.0,0.0,0.0;0.0;-0.7357040047645569,-0.677262008190155,-8.120000129565597E-4;0.0
0.6566528677940369,0.4353616237640381,-8.995916366577148;0.0;0.11009999364614487,-0.09459999948740005,-9.805500030517578;-9.948377264663577E-4,0.0026703537441790104,0.001745329238474369;-0.4728999733924866,-0.5525000095367432,-0.5501999855041504;0.0,0.0,0.0;0.0;-0.7354249954223633,-0.6775649785995483,-8.609999786131084E-4;0.0
0.5533670783042908,-0.8356146812438965,-10.429640769958496;0.0;0.11569999903440475,-0.09690000116825104,-9.805399894714355;-0.003001966280862689,5.410520825535059E-4,-4.1887903353199363E-4;-0.23330000042915344,0.78329998254776,0.9107999801635742;0.0,0.0,0.0;0.0;-0.7352659702301025,-0.6777340173721313,-9.929999941959977E-4;0.0
-0.6408320069313049,0.007603984791785479,-9.760777473449707;0.0;0.10669999569654465,-0.0957999974489212,-9.8056001663208;-0.0025656339712440968,-0.0027576202992349863,-7.15585018042475E-4;0.7267999649047852,-0.45329999923706055,-0.25599998235702515;0.0,0.0,0.0;0.0;-0.7349770069122314,-0.6780520081520081,-6.830000202171504E-4;0.0
0.7812662720680237,0.299734890460968,-9.16460132598877;0.0;0.11069999635219574,-0.09690000116825104,-9.805500030517578;-0.0021293016616255045,0.00808087456971407,0.0019373154500499368;-0.6990999579429626,0.1753000020980835,0.1656000018119812;0.0,0.0,0.0;0.0;-0.7348060011863708,-0.6782349944114685,-7.929999846965075E-4;0.0
-0.3679313361644745,-0.6115461587905884,-10.296120643615723;0.0;0.10700000077486038,-0.09719999879598618,-9.805500030517578;-8.377580670639873E-4,2.2689280740451068E-4,2.2689280740451068E-4;0.6872000098228455,-0.4714999794960022,-0.28540000319480896;0.0,0.0,0.0;0.0;-0.7347509860992432,-0.6782959699630737,-6.380000268109143E-4;0.0
0.8414278030395508,0.14590264856815338,-9.364009857177734;0.0;0.10619999468326569,-0.10199999809265137,-9.805500030517578;0.003001966280862689,0.021799162030220032,0.004834562074393034;-0.42980000376701355,0.670799970626831,0.7735999822616577;0.0,0.0,0.0;0.0;-0.7345830202102661,-0.6784759759902954,-4.560000088531524E-4;0.0
-0.3598484992980957,0.5757288932800293,-9.116890907287598;0.0;0.0949999988079071,-0.09879999607801437,-9.8056001663208;-0.0016231562476605177,0.0029845130629837513,7.853981805965304E-4;-0.36959999799728394,-0.6071999669075012,-0.5304999947547913;0.0,0.0,0.0;0.0;-0.7343569993972778,-0.6787269711494446,-1.7699999443721026E-4;0.0
0.25898560881614685,-0.9224954843521118,-10.501399040222168;0.0;0.0925000011920929,-0.09709999710321426,-9.805699348449707;-0.005166174378246069,-0.008691739290952682,-0.0033684854861348867;0.7507999539375305,0.19519999623298645,0.43050000071525574;0.0,0.0,0.0;0.0;-0.7342010140419006,-0.6788970232009888,-1.4899999951012433E-4;0.0
0.5219455361366272,0.6212570071220398,-8.899698257446289;0.0;0.10999999940395355,-0.10269999504089355,-9.805399894714355;0.004241149872541428,0.016109388321638107,0.003804817795753479;-0.6003000140190125,0.45569998025894165,0.45969998836517334;0.0,0.0,0.0;0.0;-0.7342789769172668,-0.6788039803504944,-5.610000225715339E-4;0.0
-0.5451501607894897,-0.20883184671401978,-9.922883987426758;0.0;0.09259999543428421,-0.09539999812841415,-9.805699348449707;-0.008133234456181526,-0.01377064734697342,-0.003752457909286022;0.32899999618530273,-0.7771999835968018,-0.6284999847412109;0.0,0.0,0.0;0.0;-0.733955979347229,-0.6791620254516602,-1.720000000204891E-4;0.0
0.7414076328277588,-0.6486754417419434,-10.162763595581055;0.0;0.10329999774694443,-0.09989999979734421,-9.805500030517578;-0.0011693706037476659,0.004188789986073971,0.0010471974965184927;0.043699998408555984,0.8353999853134155,1.0188000202178955;0.0,0.0,0.0;0.0;-0.7338899970054626,-0.6792280077934265,-4.020000051241368E-4;0.0
-0.2407800704240799,0.6451032757759094,-8.977538108825684;0.0;0.09609999507665634,-0.09709999710321426,-9.8056001663208;-0.001343903481028974,7.679448463022709E-4,-1.5707963029854E-4;-0.24319998919963837,-0.7166999578475952,-0.6383000016212463;0.0,0.0,0.0;0.0;-0.73363196849823,-0.6795099973678589,-2.2000000171829015E-4;0.0
0.2057960033416748,-0.916500449180603,-10.509520530700684;0.0;0.1006999984383583,-0.09589999914169312,-9.8056001663208;-0.003804817795753479,-0.002600540639832616,-6.108652451075613E-4;0.7228999733924866,0.311599999666214,0.5676999688148499;0.0,0.0,0.0;0.0;-0.7336270213127136,-0.6795139908790588,-4.4999999227002263E-4;0.0
0.5974682569503784,0.553663969039917,-8.91073989868164;0.0;0.10209999978542328,-0.0957999974489212,-9.8056001663208;0.005864306353032589,0.004310963209718466,0.00188495556358248;-0.6609999537467957,0.25279998779296875,0.24409998953342438;0.0,0.0,0.0;0.0;-0.7334790229797363,-0.679673969745636,-4.8600000445730984E-4;0.0
-0.5422388315200806,-0.22943156957626343,-9.960855484008789;0.0;0.09669999778270721,-0.09549999982118607,-9.805699348449707;-0.0021293016616255045,1.2217304902151227E-4,-2.0943951676599681E-4;0.030700000002980232,-0.8163999915122986,-0.6775999665260315;0.0,0.0,0.0;0.0;-0.7334409952163696,-0.6797170042991638,-2.95000005280599E-4;0.0
0.3751043677330017,-0.9072396159172058,-10.471845626831055;0.0;0.09929999709129333,-0.09160000085830688,-9.805699348449707;-0.00472984230145812,0.005061454605311155,9.599310578778386E-4;0.557699978351593,-0.6633999943733215,-0.4617999792098999;0.0,0.0,0.0;0.0;-0.7334380149841309,-0.6797209978103638,-5.440000095404685E-4;0.0
0.7726088762283325,-0.5946334600448608,-10.078536033630371;0.0;0.11829999834299088,-0.09669999778270721,-9.805399894714355;-0.0012042771559208632,0.005061454605311155,8.901178953237832E-4;0.7543999552726746,0.028099998831748962,0.3027999997138977;0.0,0.0,0.0;0.0;-0.7335420250892639,-0.6795979738235474,-0.0010689999908208847;0.0
0.8552854657173157,0.0903954803943634,-9.349520683288574;0.0;0.14890000224113464,-0.10819999873638153,-9.804900169372559;0.0024260077625513077,0.015201817266643047,0.002827433403581381;0.3903999924659729,0.6868000030517578,0.9396999478340149;0.0,0.0,0.0;0.0;-0.7337790131568909,-0.6793230175971985,-0.001825000043027103;0.0
0.4342028498649597,0.6670246124267578,-8.813238143920898;0.0;0.17009998857975006,-0.11620000004768372,-9.804399490356445;0.00427605677396059,0.016022123396396637,0.003228859044611454;-0.07199999690055847,0.8517000079154968,1.0372999906539917;0.0,0.0,0.0;0.0;-0.7339749932289124,-0.6790940165519714,-0.002343999920412898;0.0
-0.012105083093047142,0.7407851815223694,-8.809263229370117;0.0;0.17170000076293945,-0.1151999980211258,-9.804399490356445;-7.504915702156723E-4,0.004520402755588293,0.0027052604127675295;-0.6423999667167664,0.5270999670028687,0.5566999912261963;0.0,0.0,0.0;0.0;-0.7339270114898682,-0.6791470050811768,-0.0024109999649226665;0.0
-0.5557708144187927,0.25987622141838074,-9.443765640258789;0.0;0.15399999916553497,-0.10749999433755875,-9.804800033569336;-0.0028797932900488377,-0.004852015525102615,-7.853981805965304E-4;-0.6444000005722046,-0.25519999861717224,-0.2272999882698059;0.0,0.0,0.0;0.0;-0.733718991279602,-0.6793839931488037,-0.0020379999186843634;0.0
-0.4771260917186737,-0.38380011916160583,-10.063519477844238;0.0;0.1396999955177307,-0.10289999842643738,-9.805099487304688;-0.0028972465079277754,-0.004974188283085823,-0.0021816615480929613;-0.42409998178482056,-0.6226999759674072,-0.4819999933242798;0.0,0.0,0.0;0.0;-0.7335389852523804,-0.6795889735221863,-0.0016580000519752502;0.0
-0.2519083321094513,-0.7722066640853882,-10.338507652282715;0.0;0.13199999928474426,-0.10409999638795853,-9.80519962310791;-5.934119690209627E-4,-4.0142572834156454E-4,-3.8397242315113544E-4;-0.02410000003874302,-0.8176999688148499,-0.5898000001907349;0.0,0.0,0.0;0.0;-0.7335469722747803,-0.6795830130577087,-0.0013299999991431832;0.0
0.16251841187477112,-0.9247077703475952,-10.397616386413574;0.0;0.1340000033378601,-0.10619999468326569,-9.805099487304688;8.377580670639873E-4,0.004171337001025677,5.235987482592463E-4;0.4837999939918518,-0.66839998960495,-0.3446999788284302;0.0,0.0,0.0;0.0;-0.7336750030517578,-0.6794430017471313,-0.0013279999839141965;0.0
0.6597941517829895,-0.7336504459381104,-10.122119903564453;0.0;0.1379999965429306,-0.10749999433755875,-9.804999351501465;-0.00457276264205575,-0.004433136433362961,-2.7925267932005227E-4;0.7249000072479248,0.09769999980926514,0.4592999815940857;0.0,0.0,0.0;0.0;-0.7337319850921631,-0.6793799996376038,-0.0014390000142157078;0.0
0.86985182762146,0.03339432552456856,-9.271383285522461;0.0;0.14880000054836273,-0.11429999768733978,-9.804800033569336;0.0,0.014451325871050358,0.002914699725806713;0.6650999784469604,0.23199999332427979,0.6159999966621399;0.0,0.0,0.0;0.0;-0.7337279915809631,-0.6793749928474426,-0.0016070000128820539;0.0
0.8242757320404053,0.18599116802215576,-9.154047966003418;0.0;0.17809998989105225,-0.12449999898672104,-9.804200172424316;0.0038397242315113544,0.015149458311498165,0.004398229531943798;0.06700000166893005,0.8305000066757202,1.066499948501587;0.0,0.0,0.0;0.0;-0.7339239716529846,-0.6791409850120544,-0.0023539999965578318;0.0
0.1898314654827118,0.7345410585403442,-8.76205062866211;0.0;0.19249999523162842,-0.12929999828338623,-9.803899765014648;0.003054326167330146,0.009791296906769276,0.0022165682166814804;-0.3100999891757965,0.825499951839447,0.9091999530792236;0.0,0.0,0.0;0.0;-0.734046995639801,-0.6789939999580383,-0.002727000042796135;0.0
-0.14168885350227356,0.7064235806465149,-8.90023422241211;0.0;0.19189999997615814,-0.12759999930858612,-9.803899765014648;-0.0022689281031489372,0.002286381321027875,0.0014486232539638877;-0.5056999921798706,0.7062000036239624,0.7621999979019165;0.0,0.0,0.0;0.0;-0.7340099811553955,-0.679036021232605,-0.0027669998817145824;0.0
-0.3807738423347473,0.5632886290550232,-9.11265754699707;0.0;0.18209999799728394,-0.12289999425411224,-9.804100036621094;-0.0020420351065695286,0.002321287989616394,5.585053586401045E-4;-0.7017999887466431,-0.24959999322891235,-0.2377999871969223;0.0,0.0,0.0;0.0;-0.7338129878044128,-0.6792579889297485,-0.0025569999124854803;0.0
-0.03073197416961193,-0.8688749670982361,-10.4126615524292;0.0;0.16839998960494995,-0.11859999597072601,-9.804399490356445;-0.001972222002223134,-0.0015358896926045418,-0.0011693706037476659;-0.2369999885559082,-0.734499990940094,-0.590499997138977;0.0,0.0,0.0;0.0;-0.7335929870605469,-0.6795070171356201,-0.002188999904319644;0.0
0.46398672461509705,-0.8732802867889404,-10.308972358703613;0.0;0.16380000114440918,-0.12039999663829803,-9.804499626159668;-0.0017976891249418259,0.004904375411570072,-8.552113431505859E-4;0.23819999396800995,-0.7620999813079834,-0.5119999647140503;0.0,0.0,0.0;0.0;-0.7336369752883911,-0.6794610023498535,-0.0019580000080168247;0.0
0.8130708932876587,-0.5324321389198303,-9.881607055664062;0.0;0.16509999334812164,-0.12229999899864197,-9.804399490356445;9.948377264663577E-4,0.0074525559321045876,0.001658062799833715;0.6389999985694885,-0.39729997515678406,-0.0608999989926815;0.0,0.0,0.0;0.0;-0.7337819933891296,-0.6793040037155151,-0.0019389999797567725;0.0
0.8856438994407654,-0.2265489399433136,-9.538691520690918;0.0;0.17180000245571136,-0.12269999831914902,-9.804299354553223;-6.2831852119416E-4,-8.901178953237832E-4,-7.853981805965304E-4;0.7008000016212463,-0.09290000051259995,0.27230000495910645;0.0,0.0,0.0;0.0;-0.733847975730896,-0.6792280077934265,-0.002182000083848834;0.0
0.7937831878662109,-0.5603868365287781,-9.946825981140137;0.0;0.17909999191761017,-0.12700000405311584,-9.804100036621094;0.001972222002223134,0.010437068529427052,0.00125663704238832;0.6053000092506409,-0.4220999777317047,-0.1298999935388565;0.0,0.0,0.0;0.0;-0.733817994594574,-0.6792529821395874,-0.0023079998791217804;0.0
0.8977586030960083,-0.2029804289340973,-9.572286605834961;0.0;0.2013999968767166,-0.13359999656677246,-9.80359935760498;0.003525565145537257,0.014137166552245617,0.001972222002223134;0.6811000108718872,-0.0625,0.24210000038146973;0.0,0.0,0.0;0.0;-0.7339370250701904,-0.6791049838066101,-0.002911000046879053;0.0
0.7873667478561401,0.29611486196517944,-9.087249755859375;0.0;0.23389999568462372,-0.14489999413490295,-9.80270004272461;0.005078908056020737,0.016999507322907448,0.003351032268255949;0.5504999756813049,0.4292999804019928,0.7315999865531921;0.0,0.0,0.0;0.0;-0.7341480255126953,-0.6788439750671387,-0.003739000065252185;0.0
0.7024874687194824,0.44633665680885315,-8.982881546020508;0.0;0.25859999656677246,-0.1550000011920929,-9.802000045776367;0.0027052604127675295,0.007016223389655352,0.004171337001025677;0.4375999867916107,0.5864999890327454,0.8288999795913696;0.0,0.0,0.0;0.0;-0.7343950271606445,-0.6785470247268677,-0.0043219998478889465;0.0
0.3353223204612732,0.6941460967063904,-8.808958053588867;0.0;0.2694999873638153,-0.15929999947547913,-9.801599502563477;0.0016755161341279745,0.0075747291557490826,0.0011868239380419254;0.06379999965429306,0.84579998254776,1.0049999952316284;0.0,0.0,0.0;0.0;-0.7344340085983276,-0.6784909963607788,-0.004581000190228224;0.0
-0.120275117456913,0.7103787660598755,-8.94739055633545;0.0;0.27059999108314514,-0.15719999372959137,-9.801599502563477;-0.003909537568688393,-0.00296705961227417,-1.0471975838299841E-4;-0.37849998474121094,0.8632999658584595,0.8578999638557434;0.0,0.0,0.0;0.0;-0.7341989874839783,-0.6787459850311279,-0.00469199987128377;0.0
-0.3588238060474396,0.5584427714347839,-9.154296875;0.0;0.2653999924659729,-0.15240000188350677,-9.801799774169922;-0.0038920841179788113,-0.005393067374825478,-3.665191470645368E-4;-0.618399977684021,0.7015999555587769,0.6620000004768372;0.0,0.0,0.0;0.0;-0.7339119911193848,-0.6790639758110046,-0.004652999807149172;0.0
-0.4784189462661743,-0.5159313082695007,-10.29457950592041;0.0;0.25609999895095825,-0.14800000190734863,-9.80210018157959;0.0010122909443452954,0.006143558770418167,0.0016929693520069122;-0.7170000076293945,-0.35199999809265137,-0.47509998083114624;0.0,0.0,0.0;0.0;-0.733722984790802,-0.6792799830436707,-0.004453999921679497;0.0
0.015389928594231606,-0.9029588103294373,-10.547090530395508;0.0;0.25189998745918274,-0.148499995470047,-9.802199363708496;-7.504915702156723E-4,0.0024085543118417263,-6.806784076616168E-4;-0.25189998745918274,-0.7437999844551086,-0.739799976348877;0.0,0.0,0.0;0.0;-0.7337089776992798,-0.6793000102043152,-0.004279999993741512;0.0
0.13535858690738678,-0.9148052930831909,-10.516426086425781;0.0;0.24769999086856842,-0.14469999074935913,-9.802399635314941;-0.00296705961227417,-0.004485496319830418,-0.0012915435945615172;-0.12019999325275421,-0.7573999762535095,-0.7102000117301941;0.0,0.0,0.0;0.0;-0.7336879968643188,-0.6793280243873596,-0.004255999810993671;0.0
0.8631575703620911,-0.4548887312412262,-9.891490936279297;0.0;0.25189998745918274,-0.14579999446868896,-9.802299499511719;0.0012042771559208632,0.009861109778285027,0.0011693706037476659;0.6110000014305115,-0.1875,0.04470000043511391;0.0,0.0,0.0;0.0;-0.7336339950561523,-0.6793820261955261,-0.004370999988168478;0.0
0.6696965098381042,0.4362235367298126,-8.940896987915039;0.0;0.28209999203681946,-0.15709999203681946,-9.801300048828125;0.005497787147760391,0.01624901592731476,0.003857177682220936;0.3061999976634979,0.6768999695777893,0.8967999815940857;0.0,0.0,0.0;0.0;-0.7338250279426575,-0.6791380047798157,-0.005115999840199947;0.0
