23.0
calibration_0001.txt
0.15248191356658936,-0.09124781936407089,-9.702080726623535;0.0;0.16169999539852142,-0.07919999957084656,-9.804900169372559;1.9198621157556772E-4,1.2217304902151227E-4,5.235987482592463E-4;-0.014599999412894249,-0.008899999782443047,0.1257999986410141;0.0,0.0,0.0;0.0;-0.6697289943695068,-0.7425479888916016,-0.002524999901652336;0.0
0.07434474676847458,-0.3530777394771576,-9.8014497756958;0.0;0.1574999988079071,-0.08889999985694885,-9.804900169372559;8.726646192371845E-4,0.005602506920695305,7.15585018042475E-4;-0.6575999855995178,-0.6563000082969666,0.15519998967647552;0.0,0.0,0.0;0.0;-0.6709179878234863,-0.7414739727973938,-0.00202700006775558;0.0
0.6770419478416443,0.7955836057662964,-9.373615264892578;0.0;0.15919999778270721,-0.08469999581575394,-9.804900169372559;0.004380776546895504,0.013316862285137177,-5.235987482592463E-4;0.7037000060081482,0.574999988079071,0.008100000210106373;0.0,0.0,0.0;0.0;-0.6710789799690247,-0.7413280010223389,-0.002242000075057149;0.0
-0.06271850317716599,-1.0017627477645874,-10.227828025817871;0.0;0.1639999896287918,-0.0843999981880188,-9.804900169372559;-0.005532693583518267,-0.01218239776790142,-0.005986479111015797;-0.409199982881546,-0.8962000012397766,-0.26649999618530273;0.0,0.0,0.0;0.0;-0.6713600158691406,-0.7410709857940674,-0.0024240000639110804;0.0
0.11677958071231842,0.643934965133667,-9.019810676574707;0.0;0.16459999978542328,-0.0828000009059906,-9.804900169372559;0.0017976891249418259,0.010332348756492138,0.004956734832376242;0.4039999842643738,0.8476999998092651,0.5277999639511108;0.0,0.0,0.0;0.0;-0.6715220212936401,-0.7409240007400513,-0.0025080000050365925;0.0
0.1069825068116188,-0.8852320909500122,-10.319392204284668;0.0;0.16489998996257782,-0.08129999786615372,-9.804900169372559;-0.005323254037648439,-0.01335176918655634,-0.005550147034227848;-0.5669999718666077,-0.840399980545044,-0.08989999443292618;0.0,0.0,0.0;0.0;-0.671783983707428,-0.7406859993934631,-0.0025790000800043344;0.0
0.4170699417591095,0.7906802892684937,-9.159660339355469;0.0;0.1647000014781952,-0.07849999517202377,-9.804900169372559;0.0018151424592360854,0.006667157635092735,0.0010821041651070118;0.6491999626159668,0.6276999711990356,0.1454000025987625;0.0,0.0,0.0;0.0;-0.671908974647522,-0.7405740022659302,-0.0026779999025166035;0.0
-0.3702201843261719,-0.9383259415626526,-9.962368965148926;0.0;0.1656000018119812,-0.0771000012755394,-9.804900169372559;-0.0019024088978767395,-0.00663225119933486,-0.002775073517113924;-0.6559000015258789,-0.14839999377727509,0.5180000066757202;0.0,0.0,0.0;0.0;-0.6720870137214661,-0.7404130101203918,-0.002764000091701746;0.0
0.8444637060165405,0.1293635070323944,-10.082863807678223;0.0;0.16269999742507935,-0.07479999959468842,-9.804999351501465;1.7453292093705386E-4,0.002373647876083851,2.7925267932005227E-4;0.0038999998942017555,-0.7586999535560608,-0.5212999582290649;0.0,0.0,0.0;0.0;-0.6722530126571655,-0.7402639985084534,-0.0027570000384002924;0.0
-0.07969819009304047,0.46175530552864075,-9.01345157623291;0.0;0.16439999639987946,-0.07509999722242355,-9.804900169372559;0.0036651913542300463,-8.377580670639873E-4,0.0017802357906475663;0.5514000058174133,0.7910000085830688,0.3610999882221222;0.0,0.0,0.0;0.0;-0.6724479794502258,-0.740086019039154,-0.00279999990016222;0.0
-0.34408509731292725,-0.9608505964279175,-9.994297981262207;0.0;0.16259999573230743,-0.07209999859333038,-9.804999351501465;-0.00769690191373229,-0.015271631069481373,-0.0025656339712440968;-0.6038999557495117,-0.8104000091552734,-0.021199999377131462;0.0,0.0,0.0;0.0;-0.672648012638092,-0.7399060130119324,-0.0028550000861287117;0.0
0.8685110211372375,0.3405799865722656,-9.919254302978516;0.0;0.15779998898506165,-0.07039999961853027,-9.805099487304688;3.665191470645368E-4,0.00143117003608495,2.0943951676599681E-4;0.2637999951839447,-0.5277000069618225,-0.550599992275238;0.0,0.0,0.0;0.0;-0.6727679967880249,-0.739799976348877,-0.002756000030785799;0.0
0.2274874746799469,0.6941843628883362,-9.06300163269043;0.0;0.1605999916791916,-0.07039999961853027,-9.804999351501465;0.0039618974551558495,0.008499753661453724,0.004363323096185923;0.3197999894618988,0.864799976348877,0.6064000129699707;0.0,0.0,0.0;0.0;-0.6729850172996521,-0.7396019697189331,-0.002856000093743205;0.0
-0.48351383209228516,-0.8340345621109009,-9.770401954650879;0.0;0.1665000021457672,-0.0714000016450882,-9.804900169372559;-0.0067544239573180676,-0.0103672556579113,-0.005218534264713526;-0.6176999807357788,-0.08540000021457672,0.5769000053405762;0.0,0.0,0.0;0.0;-0.67323899269104,-0.7393659949302673,-0.0030239999759942293;0.0
0.3135925233364105,-0.7142478227615356,-10.362344741821289;0.0;0.16300000250339508,-0.06849999725818634,-9.804999351501465;-0.002373647876083851,-0.004747295752167702,-0.004398229531943798;-0.3199000060558319,-0.9120000004768372,-0.3349999785423279;0.0,0.0,0.0;0.0;-0.6733819842338562,-0.739238977432251,-0.0030129998922348022;0.0
0.8332492113113403,0.4793383479118347,-9.778053283691406;0.0;0.16169999539852142,-0.06790000200271606,-9.804999351501465;1.0471975838299841E-4,-0.0017278759041801095,0.0015358896926045418;0.3089999854564667,-0.43219998478889465,-0.5507000088691711;0.0,0.0,0.0;0.0;-0.6735659837722778,-0.7390720248222351,-0.0029929999727755785;0.0
0.47040316462516785,0.7755968570709229,-9.1798095703125;0.0;0.1664000004529953,-0.06809999793767929,-9.804999351501465;0.002321287989616394,0.004206243436783552,0.0019198621157556772;0.6768999695777893,0.36229997873306274,-0.14869999885559082;0.0,0.0,0.0;0.0;-0.6737459897994995,-0.7389050126075745,-0.0031500000040978193;0.0
-0.251889169216156,0.2617245614528656,-9.053759574890137;0.0;0.17109999060630798,-0.0697999969124794,-9.804900169372559;-0.001343903481028974,7.15585018042475E-4,0.0013788101496174932;0.36809998750686646,0.8542999625205994,0.557200014591217;0.0,0.0,0.0;0.0;-0.6740180253982544,-0.7386540174484253,-0.0032510000746697187;0.0
-0.5272127389907837,-0.48516103625297546,-9.440001487731934;0.0;0.17270000278949738,-0.07069999724626541,-9.804800033569336;-0.0030194194987416267,-0.0045378562062978745,-0.0024434609804302454;-0.14319999516010284,0.6297000050544739,0.802299976348877;0.0,0.0,0.0;0.0;-0.6741979718208313,-0.7384880185127258,-0.0032740000169724226;0.0
-0.36065295338630676,-0.9613773226737976,-9.980862617492676;0.0;0.17589999735355377,-0.07229999452829361,-9.804800033569336;4.7123889089562E-4,0.0014660765882581472,-1.7453292457503267E-5;-0.597599983215332,0.003700000001117587,0.6256999969482422;0.0,0.0,0.0;0.0;-0.6744059920310974,-0.7382959723472595,-0.0033279999624937773;0.0
0.20478084683418274,-0.8243332505226135,-10.316892623901367;0.0;0.17839999496936798,-0.0722000002861023,-9.804699897766113;4.3633230961859226E-4,0.001745329238474369,5.235987482592463E-4;-0.531499981880188,-0.8788999915122986,-0.15869998931884766;0.0,0.0,0.0;0.0;-0.6746439933776855,-0.7380769848823547,-0.0034179999493062496;0.0
0.8106958866119385,0.1315278559923172,-10.083381652832031;0.0;0.18289999663829803,-0.0697999969124794,-9.80459976196289;2.617993741296232E-4,0.002809980185702443,7.853981805965304E-4;-0.43779999017715454,-0.9205999970436096,-0.26669999957084656;0.0,0.0,0.0;0.0;-0.6748520135879517,-0.7378860116004944,-0.0036279999185353518;0.0
0.838593065738678,0.37569811940193176,-9.891788482666016;0.0;0.1817999929189682,-0.0689999982714653,-9.804699897766113;0.0033684854861348867,0.006928957067430019,0.0014486232539638877;0.26919999718666077,-0.47029998898506165,-0.5411999821662903;0.0,0.0,0.0;0.0;-0.6750289797782898,-0.7377229928970337,-0.0036609999369829893;0.0
0.4622628688812256,0.8005635738372803,-9.182328224182129;0.0;0.1818999946117401,-0.06809999793767929,-9.804699897766113;0.004433136433362961,0.011013027280569077,0.0049916417337954044;0.6025999784469604,0.6858999729156494,0.20399999618530273;0.0,0.0,0.0;0.0;-0.6751999855041504,-0.7375670075416565,-0.0037010000087320805;0.0
-0.07923850417137146,0.4860995411872864,-9.024943351745605;0.0;0.18320000171661377,-0.06749999523162842,-9.804699897766113;0.003455751808360219,0.012828170321881771,0.004852015525102615;0.10109999775886536,0.7931999564170837,0.7432999610900879;0.0,0.0,0.0;0.0;-0.6753600239753723,-0.7374200224876404,-0.0037690000608563423;0.0
-0.5130487084388733,-0.25888025760650635,-9.270971298217773;0.0;0.186599999666214,-0.06879999488592148,-9.80459976196289;-0.002373647876083851,0.00331612559966743,0.0018500490114092827;-0.37299999594688416,0.39249998331069946,0.7627999782562256;0.0,0.0,0.0;0.0;-0.6756539940834045,-0.7371479868888855,-0.0038419999182224274;0.0
-0.5084805488586426,-0.7637790441513062,-9.681863784790039;0.0;0.1882999986410141,-0.06920000165700912,-9.804499626159668;-0.0014137167017906904,-0.0014486232539638877,-0.0010646508308127522;-0.6197999715805054,4.999999655410647E-4,0.6157000064849854;0.0,0.0,0.0;0.0;-0.6759160161018372,-0.7369070053100586,-0.0038900000508874655;0.0
-0.29736942052841187,-0.9711264967918396,-10.032950401306152;0.0;0.1867000013589859,-0.06599999964237213,-9.80459976196289;-6.108652451075613E-4,-0.0031066860537976027,-0.0020420351065695286;-0.7163000106811523,-0.5516999959945679,0.2724999785423279;0.0,0.0,0.0;0.0;-0.6760799884796143,-0.7367579936981201,-0.003957000095397234;0.0
0.11862790584564209,-0.8600068092346191,-10.315101623535156;0.0;0.1816999912261963,-0.06579999625682831,-9.804699897766113;-7.330382941290736E-4,-0.006248278543353081,-0.002251474652439356;-0.4169999957084656,-0.9343999624252319,-0.26659998297691345;0.0,0.0,0.0;0.0;-0.676235020160675,-0.7366189956665039,-0.003794000018388033;0.0
0.6437816619873047,-0.29053157567977905,-10.294808387756348;0.0;0.1858000010251999,-0.06719999760389328,-9.80459976196289;-3.665191470645368E-4,-5.934119690209627E-4,3.316125657875091E-4;0.05920000001788139,-0.6779999732971191,-0.5216999650001526;0.0,0.0,0.0;0.0;-0.6764190196990967,-0.7364469766616821,-0.0038850000128149986;0.0
0.8308742046356201,0.36790260672569275,-9.921562194824219;0.0;0.18609999120235443,-0.06729999929666519,-9.80459976196289;0.002007128670811653,0.006771877408027649,-0.0016057029133662581;0.6277999877929688,0.6261999607086182,0.11559999734163284;0.0,0.0,0.0;0.0;-0.6766200065612793,-0.7362620234489441,-0.0038950000889599323;0.0
0.8217187523841858,0.54620361328125,-9.723188400268555;0.0;0.18599998950958252,-0.06729999929666519,-9.80459976196289;0.005532693583518267,0.011990412138402462,0.003543018363416195;0.6376999616622925,0.4203999936580658,-0.09999999403953552;0.0,0.0,0.0;0.0;-0.6767380237579346,-0.7361540198326111,-0.003889000043272972;0.0
0.26460719108581543,0.705657422542572,-9.085392951965332;0.0;0.19189999997615814,-0.06780000030994415,-9.804499626159668;0.0027925267349928617,0.008360126987099648,0.005218534264713526;-0.00559999980032444,0.7346000075340271,0.7823999524116516;0.0,0.0,0.0;0.0;-0.6770139932632446,-0.7358959913253784,-0.004081000108271837;0.0
-0.28144320845603943,0.23618321120738983,-9.054008483886719;0.0;0.1947999894618988,-0.06889999657869339,-9.804399490356445;-1.3962633966002613E-4,0.00296705961227417,0.003281218931078911;-0.3321000039577484,0.4415999948978424,0.8018999695777893;0.0,0.0,0.0;0.0;-0.677262008190155,-0.7356650233268738,-0.004139999859035015;0.0
-0.4745595157146454,-0.2085445374250412,-9.256385803222656;0.0;0.19609999656677246,-0.06700000166893005,-9.804399490356445;-0.005305801052600145,-0.002146754879504442,9.250245057046413E-4;-0.6667999625205994,-0.1290999948978424,0.5566999912261963;0.0,0.0,0.0;0.0;-0.6774129867553711,-0.7355260252952576,-0.004261999856680632;0.0
-0.5122920870780945,-0.7427484393119812,-9.670774459838867;0.0;0.19569998979568481,-0.06629999727010727,-9.804399490356445;-0.0031590459402650595,-0.006003932561725378,-0.0020943949930369854;-0.7055999636650085,-0.5612999796867371,0.2232999950647354;0.0,0.0,0.0;0.0;-0.6775869727134705,-0.7353659868240356,-0.004277000203728676;0.0
-0.31901299953460693,-0.9856066107749939,-9.997305870056152;0.0;0.19359999895095825,-0.06459999829530716,-9.804499626159668;-0.0038397242315113544,-0.00724311638623476,-0.002809980185702443;-0.6348999738693237,-0.7590000033378601,0.03709999844431877;0.0,0.0,0.0;0.0;-0.6778519749641418,-0.7351239919662476,-0.004269000142812729;0.0
-0.1740584522485733,-0.996390163898468,-10.154106140136719;0.0;0.19489999115467072,-0.0632999986410141,-9.804499626159668;-0.0019198621157556772,-0.006056292448192835,-0.0016057029133662581;-0.5184999704360962,-0.8877999782562256,-0.1687999963760376;0.0,0.0,0.0;0.0;-0.6780290007591248,-0.7349600195884705,-0.004362999927252531;0.0
0.05371630936861038,-0.9174101948738098,-10.282148361206055;0.0;0.1915999948978424,-0.06059999763965607,-9.804499626159668;-0.006771877408027649,-0.004817108623683453,-0.002321287989616394;-0.1817999929189682,-0.8611999750137329,-0.4432999789714813;0.0,0.0,0.0;0.0;-0.6782330274581909,-0.7347750067710876,-0.004356000106781721;0.0
0.4891641139984131,-0.5011064410209656,-10.328834533691406;0.0;0.1915999948978424,-0.05819999799132347,-9.80459976196289;4.3633230961859226E-4,0.005096361506730318,2.7925267932005227E-4;0.2102999985218048,-0.5202999711036682,-0.5216999650001526;0.0,0.0,0.0;0.0;-0.6784380078315735,-0.7345860004425049,-0.0044479998759925365;0.0
0.7255484461784363,-0.032455798238515854,-10.176210403442383;0.0;0.18599998950958252,-0.056199997663497925,-9.804699897766113;-0.0015533430268988013,0.0011344640515744686,-1.0471975838299841E-4;0.01979999989271164,-0.7479000091552734,-0.49219998717308044;0.0,0.0,0.0;0.0;-0.678508996963501,-0.7345250248908997,-0.0043310001492500305;0.0
0.6122165322303772,-0.3248261511325836,-10.294492721557617;0.0;0.1850000023841858,-0.05419999733567238,-9.804699897766113;2.9670598451048136E-4,0.002007128670811653,-0.00188495556358248;0.3051999807357788,-0.4359999895095825,-0.5019999742507935;0.0,0.0,0.0;0.0;-0.6785929799079895,-0.7344480156898499,-0.004370999988168478;0.0
0.7836796641349792,0.6581277251243591,-9.561598777770996;0.0;0.18359999358654022,-0.05389999970793724,-9.804699897766113;0.0046774824149906635,0.009372417815029621,0.0023387412074953318;0.590999960899353,0.7010999917984009,0.2531000077724457;0.0,0.0,0.0;0.0;-0.6787809729576111,-0.7342749834060669,-0.0043379999697208405;0.0
0.4679993987083435,0.7963210344314575,-9.185173034667969;0.0;0.18279999494552612,-0.05130000039935112,-9.804800033569336;0.003752457909286022,0.005567600484937429,0.003979350905865431;0.5918999910354614,0.6592999696731567,0.17459999024868011;0.0,0.0,0.0;0.0;-0.6788749694824219,-0.7341899871826172,-0.004406000021845102;0.0
0.10424354672431946,0.6275394558906555,-9.027969360351562;0.0;0.18609999120235443,-0.05350000038743019,-9.804699897766113;3.665191470645368E-4,0.004084070213139057,0.002460914198309183;-0.09779999405145645,0.6712999939918518,0.7924000024795532;0.0,0.0,0.0;0.0;-0.679203987121582,-0.7338820099830627,-0.0044450000859797;0.0
-0.17984284460544586,0.3391817510128021,-9.032710075378418;0.0;0.18699999153614044,-0.052799999713897705,-9.804699897766113;-5.585053586401045E-4,4.886921960860491E-4,0.001518436474725604;-0.3536999821662903,0.3862999975681305,0.7825999855995178;0.0,0.0,0.0;0.0;-0.6794170141220093,-0.7336850166320801,-0.004499000031501055;0.0
-0.4086136221885681,-0.01988145150244236,-9.162667274475098;0.0;0.1842999905347824,-0.0502999983727932,-9.804699897766113;5.934119690209627E-4,0.001518436474725604,6.981316983001307E-5;-0.5863999724388123,0.04050000011920929,0.6550999879837036;0.0,0.0,0.0;0.0;-0.6795480251312256,-0.7335659861564636,-0.004501999821513891;0.0
-0.5309190154075623,-0.6841574907302856,-9.568800926208496;0.0;0.18239998817443848,-0.05269999802112579,-9.804800033569336;-0.002321287989616394,6.806784076616168E-4,2.2689280740451068E-4;-0.7021999955177307,-0.6238999962806702,0.24329999089241028;0.0,0.0,0.0;0.0;-0.6797389984130859,-0.7333890199661255,-0.004352999851107597;0.0
-0.18955373764038086,-0.9902801513671875,-10.08149528503418;0.0;0.1770000010728836,-0.06319999694824219,-9.804800033569336;-4.1887903353199363E-4,-9.773843921720982E-4,-1.5707963029854E-4;-0.35349997878074646,-0.9174000024795532,-0.26649999618530273;0.0,0.0,0.0;0.0;-0.6807159781455994,-0.7324829697608948,-0.003782999934628606;0.0
0.4578958749771118,-0.5199248790740967,-10.27466869354248;0.0;0.18930000066757202,-0.05549999698996544,-9.80459976196289;-0.004153883550316095,-0.012252211570739746,-0.00609119888395071;0.25189998745918274,-0.4542999863624573,-0.4529999792575836;0.0,0.0,0.0;0.0;-0.6803979873657227,-0.7327730059623718,-0.004493999760597944;0.0
