49.0
calibration_0002.txt
0.18512925505638123,0.0693073496222496,-9.653594017028809;0.0;0.18689998984336853,0.037299998104572296,-9.804699897766113;3.490658491500653E-5,0.003979350905865431,6.806784076616168E-4;-5.999999702908099E-4,0.011599999852478504,0.1648000031709671;0.0,0.0,0.0;0.0;-0.19349800050258636,-0.9810519814491272,-0.0037139998748898506;0.0
0.1599326729774475,0.15645629167556763,-9.64725399017334;0.0;0.18469999730587006,0.03759999945759773,-9.804800033569336;3.1415926059708E-4,9.4247778179124E-4,6.457717972807586E-4;-0.3612000048160553,0.8251999616622925,0.743399977684021;0.0,0.0,0.0;0.0;-0.1934950053691864,-0.9810540080070496,-0.003708000062033534;0.0
1.1558152437210083,-0.050986919552087784,-9.714483261108398;0.0;0.18239998817443848,0.03590000048279762,-9.804800033569336;1.7453292093705386E-4,0.0,-0.0011868239380419254;0.9648999571800232,0.21889999508857727,0.3511999845504761;0.0,0.0,0.0;0.0;-0.19354400038719177,-0.9810450077056885,-0.0035979999229311943;0.0
0.7503524422645569,-0.5525051355361938,-10.065215110778809;0.0;0.18150000274181366,0.03500000014901161,-9.804900169372559;-9.599310578778386E-4,0.005235987715423107,0.004520402755588293;0.9362999796867371,0.013899999670684338,0.19429999589920044;0.0,0.0,0.0;0.0;-0.19339199364185333,-0.9810760021209717,-0.003541999962180853;0.0
0.1570308953523636,-0.6985610127449036,-10.18249225616455;0.0;0.18039999902248383,0.03449999913573265,-9.804900169372559;-0.00518362782895565,-0.004782202187925577,-9.599310578778386E-4;0.4666999876499176,-0.5934999585151672,-0.28610000014305115;0.0,0.0,0.0;0.0;-0.19328899681568146,-0.9810969829559326,-0.0035059999208897352;0.0
-0.6666319370269775,-0.24439053237438202,-9.962809562683105;0.0;0.18019999563694,0.033399999141693115,-9.804900169372559;-0.004817108623683453,-0.009913469664752483,-0.007853982038795948;-0.6509000062942505,-0.50409996509552,-0.27619999647140503;0.0,0.0,0.0;0.0;-0.19329699873924255,-0.981095016002655,-0.003449999960139394;0.0
-0.27607062458992004,0.6694283485412598,-9.286964416503906;0.0;0.17839999496936798,0.03319999948143959,-9.804900169372559;-0.0012915435945615172,0.0027052604127675295,-0.0022689281031489372;-0.8746999502182007,-0.18029999732971191,-0.08009999990463257;0.0,0.0,0.0;0.0;-0.1933239996433258,-0.9810910224914551,-0.0034199999645352364;0.0
1.1009880304336548,0.2497631162405014,-9.43781852722168;0.0;0.17899999022483826,0.032899998128414154,-9.804900169372559;6.2831852119416E-4,0.00457276264205575,0.003176499158143997;0.29159998893737793,0.7318999767303467,0.7141000032424927;0.0,0.0,0.0;0.0;-0.19341999292373657,-0.9810720086097717,-0.0034129999112337828;0.0
-0.02073378674685955,-0.6438774466514587,-10.200390815734863;0.0;0.17899999022483826,0.031099999323487282,-9.804900169372559;5.061454721726477E-4,9.075712296180427E-4,3.490658491500653E-5;-0.11029999703168869,-0.6979999542236328,-0.39389997720718384;0.0,0.0,0.0;0.0;-0.19333499670028687,-0.9810879826545715,-0.003309000050649047;0.0
-0.47538310289382935,0.512981653213501,-9.433968544006348;0.0;0.1808999925851822,0.03009999915957451,-9.804900169372559;-0.0027925267349928617,-0.0026354470755904913,-0.002024581888690591;-0.8477999567985535,0.15609999001026154,0.1354999989271164;0.0,0.0,0.0;0.0;-0.19345900416374207,-0.9810630083084106,-0.003292999928817153;0.0
0.9262400269508362,-0.2708703875541687,-9.891212463378906;0.0;0.17679999768733978,0.03009999915957451,-9.804999351501465;-5.061454721726477E-4,-0.0010995573829859495,0.0031241392716765404;0.6075999736785889,-0.43219998478889465,-0.16830000281333923;0.0,0.0,0.0;0.0;-0.19338299334049225,-0.9810799956321716,-0.0032500000670552254;0.0
0.10477026551961899,0.7696017622947693,-9.131714820861816;0.0;0.17649999260902405,0.029399998486042023,-9.804999351501465;0.003857177682220936,0.006649704650044441,4.3633230961859226E-4;0.44119998812675476,0.6863999962806702,0.7533999681472778;0.0,0.0,0.0;0.0;-0.19332799315452576,-0.9810910224914551,-0.003215000033378601;0.0
-0.5827583074569702,-0.3353606164455414,-10.009956359863281;0.0;0.17559999227523804,0.02669999934732914,-9.804999351501465;-0.0027925267349928617,0.002809980185702443,4.886921960860491E-4;-0.8325999975204468,-0.17379999160766602,-0.08980000019073486;0.0,0.0,0.0;0.0;-0.1933780014514923,-0.981082022190094,-0.003066000062972307;0.0
0.4349881410598755,-0.5939822793006897,-10.14003849029541;0.0;0.17419999837875366,0.02630000002682209,-9.804999351501465;-0.0022165682166814804,-6.981316837482154E-4,0.0018675023457035422;-0.40959998965263367,-0.6047999858856201,-0.3741999864578247;0.0,0.0,0.0;0.0;-0.1934559941291809,-0.9810670018196106,-0.0030320000369101763;0.0
1.0648163557052612,0.34216973185539246,-9.348457336425781;0.0;0.17649999260902405,0.02539999969303608,-9.804999351501465;0.002827433403581381,0.007609635591506958,0.004468042869120836;0.8824999928474426,-0.044999998062849045,0.1356000006198883;0.0,0.0,0.0;0.0;-0.19366100430488586,-0.9810259938240051,-0.0030189999379217625;0.0
-0.3838192820549011,0.5624938011169434,-9.37147045135498;0.0;0.17819999158382416,0.02449999935925007,-9.804900169372559;-0.003089232835918665,-0.004607669077813625,-0.0028797932900488377;-0.19779999554157257,0.7010999917984009,0.635699987411499;0.0,0.0,0.0;0.0;-0.19387200474739075,-0.9809830188751221,-0.002991999965161085;0.0
-0.1797662377357483,-0.5988568663597107,-10.173996925354004;0.0;0.17599999904632568,0.02499999850988388,-9.804999351501465;-0.003351032268255949,-0.0036826448049396276,-0.0031066860537976027;-0.6858999729156494,-0.4271000027656555,-0.2466999888420105;0.0,0.0,0.0;0.0;-0.19365400075912476,-0.9810270071029663,-0.0029949999880045652;0.0
1.0907695293426514,0.07972691208124161,-9.587629318237305;0.0;0.17759999632835388,0.024000000208616257,-9.804999351501465;0.0013962633674964309,0.007347836159169674,0.0016406094655394554;0.6852999925613403,-0.3279999792575836,-0.09969999641180038;0.0,0.0,0.0;0.0;-0.1938599944114685,-0.9809849858283997,-0.002947000088170171;0.0
0.2321992665529251,0.7611262798309326,-9.111977577209473;0.0;0.1793999969959259,0.023799998685717583,-9.804900169372559;-0.0013264502631500363,4.3633230961859226E-4,-3.490658491500653E-5;0.5363999605178833,0.6527000069618225,0.7337999939918518;0.0,0.0,0.0;0.0;-0.19386400282382965,-0.9809839725494385,-0.0029700000304728746;0.0
-0.4430805444717407,0.48136863112449646,-9.427427291870117;0.0;0.17970000207424164,0.02319999970495701,-9.804900169372559;-2.0943951676599681E-4,6.2831852119416E-4,-0.001117010717280209;0.026099998503923416,0.722000002861023,0.7044000029563904;0.0,0.0,0.0;0.0;-0.19375799596309662,-0.9810050129890442,-0.002937000012025237;0.0
-0.6518932580947876,0.14599841833114624,-9.688797950744629;0.0;0.17749999463558197,0.02149999886751175,-9.804999351501465;-0.0021118484437465668,-0.0035604715812951326,-0.002007128670811653;-0.24609999358654022,0.6746000051498413,0.6062999963760376;0.0,0.0,0.0;0.0;-0.1936980038881302,-0.9810180068016052,-0.002833999926224351;0.0
-0.6698497533798218,-0.08382578939199448,-9.865633964538574;0.0;0.17579999566078186,0.020999999716877937,-9.804999351501465;-4.7123889089562E-4,0.0031241392716765404,0.0017104226863011718;-0.48959997296333313,0.5476999878883362,0.4690999984741211;0.0,0.0,0.0;0.0;-0.19364500045776367,-0.9810299873352051,-0.0027910000644624233;0.0
-0.5855068564414978,-0.2913743555545807,-10.012436866760254;0.0;0.1753000020980835,0.018799999728798866,-9.804999351501465;0.0011868239380419254,8.028514566831291E-4,2.9670598451048136E-4;-0.7245000004768372,0.32429999113082886,0.2434999942779541;0.0,0.0,0.0;0.0;-0.19374999403953552,-0.9810090065002441,-0.0026740001048892736;0.0
-0.3851217031478882,-0.5138148069381714,-10.11452579498291;0.0;0.17669999599456787,0.01809999905526638,-9.804999351501465;-0.0010995573829859495,-0.009005898609757423,-0.008779006078839302;-0.6080999970436096,0.46230000257492065,0.3807999789714813;0.0,0.0,0.0;0.0;-0.19374600052833557,-0.9810090065002441,-0.0026569999754428864;0.0
-0.5149257183074951,-0.3931470513343811,-10.068585395812988;0.0;0.1762000024318695,0.017400000244379044,-9.804999351501465;-0.005358160939067602,-0.005881759338080883,-0.005532693583518267;-0.8037999868392944,0.19820000231266022,0.14549998939037323;0.0,0.0,0.0;0.0;-0.1936420053243637,-0.9810299873352051,-0.0026149998884648085;0.0
-0.25000256299972534,-0.5748190879821777,-10.175251960754395;0.0;0.1753000020980835,0.017400000244379044,-9.804999351501465;-0.002321287989616394,-0.0025656339712440968,-0.004066617228090763;-0.802899956703186,-0.24300000071525574,-0.16820000112056732;0.0,0.0,0.0;0.0;-0.19358700513839722,-0.9810410141944885,-0.002606000052765012;0.0
0.31261569261550903,-0.6320213675498962,-10.172656059265137;0.0;0.17379999160766602,0.017899999395012856,-9.804999351501465;-0.0028797932900488377,5.235987482592463E-4,0.0;-0.5267999768257141,-0.5180999636650085,-0.32510000467300415;0.0,0.0,0.0;0.0;-0.19345499575138092,-0.9810680150985718,-0.002612000098451972;0.0
0.7207983136177063,-0.43114781379699707,-10.013164520263672;0.0;0.17159999907016754,0.01850000023841858,-9.805099487304688;-0.002460914198309183,-0.001117010717280209,0.0018675023457035422;-0.17159999907016754,-0.6265000104904175,-0.383899986743927;0.0,0.0,0.0;0.0;-0.19358499348163605,-0.9810439944267273,-0.0026199999265372753;0.0
0.9877327084541321,-0.14429374039173126,-9.751487731933594;0.0;0.17180000245571136,0.01719999872148037,-9.805099487304688;-4.3633230961859226E-4,0.004956734832376242,0.0023561944253742695;0.22039999067783356,-0.59579998254776,-0.33489999175071716;0.0,0.0,0.0;0.0;-0.19362199306488037,-0.9810360074043274,-0.0025599999353289604;0.0
1.067622423171997,0.11678916215896606,-9.520427703857422;0.0;0.17090000212192535,0.017400000244379044,-9.805099487304688;0.0018151424592360854,0.004014257341623306,0.0025656339712440968;0.7998999953269958,-0.14489999413490295,0.07689999788999557;0.0,0.0,0.0;0.0;-0.193791002035141,-0.9810029864311218,-0.0025569999124854803;0.0
1.0315275192260742,0.3109780550003052,-9.388440132141113;0.0;0.1671999990940094,0.01899999938905239,-9.80519962310791;-2.7925267932005227E-4,0.003804817795753479,0.002687806962057948;0.8819999694824219,-0.01899999938905239,0.2043999880552292;0.0,0.0,0.0;0.0;-0.19366399943828583,-0.9810299873352051,-0.002606000052765012;0.0
0.9734153151512146,0.431138277053833,-9.27487850189209;0.0;0.1665000021457672,0.01809999905526638,-9.80519962310791;0.0028797932900488377,0.0021118484437465668,0.001658062799833715;0.7944999933242798,-0.14559999108314514,0.05739999935030937;0.0,0.0,0.0;0.0;-0.19384199380874634,-0.9809949994087219,-0.0025569999124854803;0.0
1.0555365085601807,0.26196396350860596,-9.42484188079834;0.0;0.16210000216960907,0.019600000232458115,-9.80519962310791;-0.0016755161341279745,-0.0014660765882581472,-0.0014660765882581472;0.46539998054504395,-0.5001000165939331,-0.22689999639987946;0.0,0.0,0.0;0.0;-0.19366900622844696,-0.9810310006141663,-0.0025829998776316643;0.0
0.9699868559837341,-0.16881994903087616,-9.796469688415527;0.0;0.15919999778270721,0.01899999938905239,-9.805299758911133;-0.00411897711455822,-0.004293509759008884,-6.981316837482154E-4;0.1152999997138977,-0.6269999742507935,-0.37389999628067017;0.0,0.0,0.0;0.0;-0.1936279982328415,-0.9810400009155273,-0.0025279999244958162;0.0
0.14193785190582275,-0.6263423562049866,-10.189637184143066;0.0;0.15779998898506165,0.019199999049305916,-9.805299758911133;-0.002740166848525405,-0.0015009831404313445,-9.075712296180427E-4;-0.3637000024318695,-0.6075999736785889,-0.37389999628067017;0.0,0.0,0.0;0.0;-0.19365200400352478,-0.9810360074043274,-0.0025190000887960196;0.0
0.3365481495857239,-0.6010020971298218,-10.168375968933105;0.0;0.1565999984741211,0.019899999722838402,-9.805299758911133;-0.0027052604127675295,3.665191470645368E-4,0.001029744278639555;-0.2840999960899353,-0.608299970626831,-0.37389999628067017;0.0,0.0,0.0;0.0;-0.19370399415493011,-0.9810259938240051,-0.0025480000767856836;0.0
0.3824402093887329,-0.5975544452667236,-10.180471420288086;0.0;0.1559000015258789,0.020099999383091927,-9.805299758911133;-0.0021642083302140236,9.4247778179124E-4,-4.0142572834156454E-4;-0.42069998383522034,-0.5692999958992004,-0.36409997940063477;0.0,0.0,0.0;0.0;-0.19368399679660797,-0.9810310006141663,-0.0025450000539422035;0.0
0.21521957218647003,-0.6284300684928894,-10.188688278198242;0.0;0.15789999067783356,0.019700000062584877,-9.805299758911133;-0.002321287989616394,-9.599310578778386E-4,-0.0017104226863011718;-0.471699982881546,-0.5493000149726868,-0.34450000524520874;0.0,0.0,0.0;0.0;-0.19375799596309662,-0.9810150265693665,-0.0025450000539422035;0.0
0.20232918858528137,-0.619169294834137,-10.191704750061035;0.0;0.15869998931884766,0.01769999973475933,-9.805299758911133;4.886921960860491E-4,0.0031066860537976027,-5.235987482592463E-4;-0.4332999885082245,-0.5569999814033508,-0.35429999232292175;0.0,0.0,0.0;0.0;-0.1936729997396469,-0.9810320138931274,-0.0024500000290572643;0.0
0.19882407784461975,-0.6129826903343201,-10.186591148376465;0.0;0.16030000150203705,0.016499999910593033,-9.805299758911133;5.2359879191499203E-5,0.0020769417751580477,5.410520825535059E-4;-0.5525000095367432,-0.48729997873306274,-0.3052999973297119;0.0,0.0,0.0;0.0;-0.19377300143241882,-0.9810109734535217,-0.0024129999801516533;0.0
0.06375280022621155,-0.6200311779975891,-10.2056303024292;0.0;0.16009999811649323,0.01589999906718731,-9.805299758911133;-0.001029744278639555,-0.0035953782498836517,-2.0943951676599681E-4;-0.7288999557495117,-0.3100999891757965,-0.20719999074935913;0.0,0.0,0.0;0.0;-0.193899005651474,-0.980987012386322,-0.0023789999540895224;0.0
-0.24892036616802216,-0.5830456018447876,-10.170205116271973;0.0;0.1589999943971634,0.014499999582767487,-9.805299758911133;-0.0021642083302140236,-0.004939281847327948,-0.0013962633674964309;-0.816100001335144,-0.08309999853372574,-0.060099996626377106;0.0,0.0,0.0;0.0;-0.19386500120162964,-0.9809939861297607,-0.0022960000205785036;0.0
-0.5513463616371155,-0.3545142114162445,-10.05079174041748;0.0;0.1599999964237213,0.012799999676644802,-9.805299758911133;-0.006318091880530119,-0.012042772024869919,-0.0018675023457035422;-0.699400007724762,-0.3658999800682068,-0.23659999668598175;0.0,0.0,0.0;0.0;-0.19393600523471832,-0.9809790253639221,-0.0022299999836832285;0.0
-0.6321650147438049,-0.21484608948230743,-9.97192668914795;0.0;0.15680000185966492,0.012899999506771564,-9.805299758911133;-0.001972222002223134,0.0031066860537976027,1.7453292093705386E-4;-0.7745999693870544,0.18310000002384186,0.13599999248981476;0.0,0.0,0.0;0.0;-0.193899005651474,-0.9809880256652832,-0.002199999988079071;0.0
-0.5946047902107239,0.2933375835418701,-9.623225212097168;0.0;0.16169999539852142,0.010599999688565731,-9.805299758911133;-0.002234021434560418,-0.006318091880530119,-0.004886921960860491;-0.7500999569892883,0.2736999988555908,0.1946999877691269;0.0,0.0,0.0;0.0;-0.19415800273418427,-0.9809349775314331,-0.0021349999587982893;0.0
-0.6759214401245117,0.11686577647924423,-9.736786842346191;0.0;0.16200000047683716,0.010199999436736107,-9.805299758911133;-0.003944444004446268,-0.00830776710063219,-0.005148721393197775;-0.8288999795913696,0.09759999811649323,0.0771000012755394;0.0,0.0,0.0;0.0;-0.19424699246883392,-0.9809169769287109,-0.002114000031724572;0.0
-0.6797138452529907,0.008169015869498253,-9.822920799255371;0.0;0.16019999980926514,0.010099999606609344,-9.805299758911133;-0.0020420351065695286,-0.007749261800199747,-0.005358160939067602;-0.8270999789237976,-0.010099999606609344,-0.0013000000035390258;0.0,0.0,0.0;0.0;-0.19420300424098969,-0.9809269905090332,-0.0020959998946636915;0.0
-0.6627054214477539,-0.1458260416984558,-9.908498764038086;0.0;0.15969999134540558,0.009800000116229057,-9.805299758911133;-0.002373647876083851,-5.759586347267032E-4,-0.005759586580097675;-0.8166999816894531,-0.14710000157356262,-0.08949999511241913;0.0,0.0,0.0;0.0;-0.1943580061197281,-0.98089599609375,-0.0020779999904334545;0.0
-0.1225256621837616,-0.6188532710075378,-10.179350852966309;0.0;0.15529999136924744,0.011099999770522118,-9.805399894714355;-0.0012915435945615172,-0.0013788101496174932,-0.0011868239380419254;-0.26319998502731323,-0.6190999746322632,-0.36399999260902405;0.0,0.0,0.0;0.0;-0.19413699209690094,-0.9809420108795166,-0.0020959998946636915;0.0
0.5744168758392334,-0.5152226686477661,-10.087652206420898;0.0;0.15219999849796295,0.012399999424815178,-9.805399894714355;-2.9670598451048136E-4,0.006352998316287994,0.002687806962057948;0.4065999984741211,-0.5126000046730042,-0.27570000290870667;0.0,0.0,0.0;0.0;-0.19395999610424042,-0.9809780120849609,-0.002130999928340316;0.0
