173.0
calibration_0005.txt
0.15385138988494873,-0.050603847950696945,-9.684660911560059;0.0;0.2540999948978424,0.2084999978542328,-9.80109977722168;-0.002687806962057948,1.9198621157556772E-4,-0.0015882495790719986;-0.08739999681711197,-0.24769999086856842,0.12189999967813492;0.0,0.0,0.0;0.0;-0.751613974571228,-0.6593890190124512,-0.016753999516367912;0.0
0.14729128777980804,-0.05636908486485481,-9.702693939208984;0.0;0.2547999918460846,0.2093999981880188,-9.80109977722168;-0.0011693706037476659,0.0024085543118417263,-0.001518436474725604;-0.3528999984264374,-0.3172999918460846,-0.09380000084638596;0.0,0.0,0.0;0.0;-0.7517139911651611,-0.6592739820480347,-0.01681399904191494;0.0
0.039753325283527374,-0.35227325558662415,-9.541142463684082;0.0;0.25609999895095825,0.2141999900341034,-9.800899505615234;-2.617993741296232E-4,0.007225662935525179,-0.004694935865700245;-0.4619999825954437,-0.5083999633789062,0.013899999670684338;0.0,0.0,0.0;0.0;-0.7510250210762024,-0.660053014755249,-0.017023999243974686;0.0
0.5454182624816895,0.1317385584115982,-9.550365447998047;0.0;0.2563999891281128,0.21779999136924744,-9.800799369812012;0.0,0.005445427261292934,0.0011693706037476659;-0.06030000001192093,-0.44339999556541443,0.29819998145103455;0.0,0.0,0.0;0.0;-0.7504310011863708,-0.6607249975204468,-0.0171549990773201;0.0
0.21867680549621582,0.1802259236574173,-9.851757049560547;0.0;0.26190000772476196,0.22010000050067902,-9.800600051879883;-0.006562437862157822,-0.002740166848525405,0.0017802357906475663;0.26759999990463257,0.0640999972820282,0.09200000017881393;0.0,0.0,0.0;0.0;-0.7498539686203003,-0.6613720059394836,-0.017444999888539314;0.0
-0.24625800549983978,-0.35425564646720886,-9.73571491241455;0.0;0.26179999113082886,0.22509999573230743,-9.80049991607666;-0.004066617228090763,0.0016755161341279745,-0.005201081279665232;-0.24219998717308044,-0.20549999177455902,-0.0746999979019165;0.0,0.0,0.0;0.0;-0.7492910027503967,-0.6620060205459595,-0.01760599948465824;0.0
0.14744451642036438,-0.2781679332256317,-9.54257869720459;0.0;0.2636999785900116,0.2287999987602234,-9.800399780273438;-8.901178953237832E-4,0.0038222710136324167,-0.0030194194987416267;-0.47939997911453247,-0.5916000008583069,0.09179999679327011;0.0,0.0,0.0;0.0;-0.7487040162086487,-0.662663996219635,-0.017803000286221504;0.0
0.574340283870697,0.18323305249214172,-9.582256317138672;0.0;0.26319998502731323,0.23160000145435333,-9.800299644470215;-0.0032463124953210354,-0.0010995573829859495,-0.0012217304902151227;-0.2336999922990799,-0.5453999638557434,0.25849997997283936;0.0,0.0,0.0;0.0;-0.7481679916381836,-0.6632670164108276,-0.017880000174045563;0.0
0.4196077883243561,0.2817496657371521,-9.784843444824219;0.0;0.26440000534057617,0.23649999499320984,-9.800199508666992;-0.0068765971809625626,-0.0028623400721699,8.552113431505859E-4;0.09829999506473541,-0.2953000068664551,0.29749998450279236;0.0,0.0,0.0;0.0;0.7475630044937134,0.6639440059661865,0.01809299923479557;0.0
0.14578773081302643,0.12561897933483124,-9.876542091369629;0.0;0.26600000262260437,0.24079999327659607,-9.800000190734863;-0.003577925032004714,0.002687806962057948,0.0011519172694534063;0.19489999115467072,0.06309999525547028,0.032600000500679016;0.0,0.0,0.0;0.0;0.7469649910926819,0.6646109819412231,0.018299000337719917;0.0
0.027054479345679283,0.02229480631649494,-9.893549919128418;0.0;0.2667999863624573,0.24319998919963837,-9.800000190734863;-8.028514566831291E-4,-4.3633230961859226E-4,-0.00188495556358248;0.20389999449253082,-0.19409999251365662,0.2581000030040741;0.0,0.0,0.0;0.0;0.7465810179710388,0.665037989616394,0.0184090007096529;0.0
0.06437529623508453,0.04229117929935455,-9.891758918762207;0.0;0.2678999900817871,0.24609999358654022,-9.799799919128418;-0.0033859387040138245,0.002740166848525405,-0.0010995573829859495;0.21249999105930328,0.03819999843835831,0.061799999326467514;0.0,0.0,0.0;0.0;0.7460740208625793,0.66560298204422,0.018554000183939934;0.0
0.055507171899080276,0.0419464148581028,-9.88072681427002;0.0;0.2653000056743622,0.24879999458789825,-9.79990005493164;-0.011972958222031593,-0.013055062852799892,-0.0013788101496174932;0.2522999942302704,0.03610000014305115,0.10099999606609344;0.0,0.0,0.0;0.0;0.7457050085067749,0.6660149693489075,0.01860100030899048;0.0
0.1615990400314331,0.12610739469528198,-9.8722505569458;0.0;0.26600000262260437,0.2505999803543091,-9.799799919128418;-0.002286381321027875,0.0026354470755904913,-0.0016406094655394554;0.2732999920845032,-0.09369999915361404,0.21869999170303345;0.0,0.0,0.0;0.0;0.7452099919319153,0.6665689945220947,0.018631000071763992;0.0
0.40403589606285095,0.27017128467559814,-9.798806190490723;0.0;0.26489999890327454,0.25459998846054077,-9.799699783325195;-0.0033684854861348867,-0.001343903481028974,-0.001658062799833715;-0.3726999759674072,-0.6468999981880188,0.21859999001026154;0.0,0.0,0.0;0.0;0.7447879910469055,0.6670370101928711,0.018727000802755356;0.0
0.2811271548271179,-0.16542017459869385,-9.517621994018555;0.0;0.27059999108314514,0.2549999952316284,-9.79949951171875;3.665191470645368E-4,0.008255407214164734,-0.0022165682166814804;-0.19209998846054077,-0.15699999034404755,-0.07569999992847443;0.0,0.0,0.0;0.0;0.7444199919700623,0.6674410104751587,0.018957000225782394;0.0
-0.18271589279174805,-0.23535960912704468,-9.791691780090332;0.0;0.2733999788761139,0.25769999623298645,-9.799399375915527;-0.005602506920695305,-5.585053586401045E-4,-0.002809980185702443;0.16779999434947968,-0.25769999623298645,0.27709999680519104;0.0,0.0,0.0;0.0;0.7439759969711304,0.6679310202598572,0.01915699988603592;0.0
-0.06061160936951637,-0.39893144369125366,-9.525187492370605;0.0;0.274399995803833,0.2606000006198883,-9.799300193786621;-0.0030194194987416267,-0.00143117003608495,8.726646192371845E-4;-0.4802999794483185,-0.5645999908447266,0.11029999703168869;0.0,0.0,0.0;0.0;0.7434840202331543,0.668474018573761,0.01929299905896187;0.0
0.10518206655979156,0.10504799336194992,-9.861132621765137;0.0;0.2782000005245209,0.26100000739097595,-9.799200057983398;-0.00376991112716496,0.0012042771559208632,8.377580670639873E-4;-0.1898999959230423,-0.1727999895811081,-0.04659999907016754;0.0,0.0,0.0;0.0;0.743133008480072,0.6688590049743652,0.01945200003683567;0.0
0.40824970602989197,-0.033710360527038574,-9.493545532226562;0.0;0.2791999876499176,0.2639999985694885,-9.799099922180176;-0.0023387412074953318,0.002024581888690591,-0.0013613568153232336;0.12269999831914902,-0.28360000252723694,0.31599998474121094;0.0,0.0,0.0;0.0;0.7426720261573792,0.6693670153617859,0.01959499903023243;0.0
-0.20233877003192902,-0.23337720334529877,-9.748969078063965;0.0;0.2807999849319458,0.26759999990463257,-9.79889965057373;-0.0011344640515744686,0.0034732052590698004,-0.001483529806137085;-0.23179998993873596,-0.23809999227523804,-0.04690000042319298;0.0,0.0,0.0;0.0;0.7423290014266968,0.669743001461029,0.01977499946951866;0.0
0.554659903049469,0.20016483962535858,-9.613849639892578;0.0;0.2849999964237213,0.2683999836444855,-9.798799514770508;-0.002199114765971899,0.002234021434560418,-4.7123889089562E-4;0.2541999816894531,-0.08209999650716782,0.1981000006198883;0.0,0.0,0.0;0.0;0.7418910264968872,0.6702219843864441,0.019965000450611115;0.0
-0.2264052927494049,-0.3367396891117096,-9.701094627380371;0.0;0.2854999899864197,0.2717999815940857,-9.798699378967285;-0.0014137167017906904,0.0038397242315113544,-0.002809980185702443;-0.5012999773025513,-0.6051999926567078,0.10969999432563782;0.0,0.0,0.0;0.0;0.7415739893913269,0.6705690026283264,0.020098000764846802;0.0
0.5516623258590698,0.27459579706192017,-9.678091049194336;0.0;0.288100004196167,0.273499995470047,-9.798500061035156;-0.001343903481028974,0.0015533430268988013,6.108652451075613E-4;0.25119999051094055,-0.008700000122189522,0.12919999659061432;0.0,0.0,0.0;0.0;0.7413300275802612,0.6708340048789978,0.02025499939918518;0.0
-0.21909819543361664,-0.32462504506111145,-9.70715618133545;0.0;0.2881999909877777,0.27489998936653137,-9.798500061035156;-0.0023038345389068127,0.0014486232539638877,-0.0015358896926045418;-0.4940999746322632,-0.588699996471405,0.09969999641180038;0.0,0.0,0.0;0.0;0.7410849928855896,0.6711030006408691,0.02030700072646141;0.0
0.5327960848808289,0.12681607902050018,-9.582237243652344;0.0;0.2863999903202057,0.2773999869823456,-9.798500061035156;-0.004328416660428047,-6.2831852119416E-4,-0.0022689281031489372;0.23319999873638153,-0.15969999134540558,0.2272000014781952;0.0,0.0,0.0;0.0;0.7408339977264404,0.6713789701461792,0.020326999947428703;0.0
-0.16038277745246887,-0.16602352261543274,-9.816829681396484;0.0;0.2874000072479248,0.2807999849319458,-9.798399925231934;-0.006684611085802317,-0.003455751808360219,-0.0017627825727686286;-0.43449997901916504,-0.4377000033855438,-0.008200000040233135;0.0,0.0,0.0;0.0;0.7403810024261475,0.6718739867210388,0.02048099972307682;0.0
0.19545304775238037,-0.27610892057418823,-9.487130165100098;0.0;0.2881999909877777,0.2839999794960022,-9.798199653625488;-3.8397242315113544E-4,0.006021386012434959,-0.0028623400721699;-0.10189999639987946,-0.548799991607666,0.32499998807907104;0.0,0.0,0.0;0.0;0.7401450276374817,0.6721299886703491,0.02061999961733818;0.0
0.18516755104064941,0.15799815952777863,-9.88038158416748;0.0;0.29159998893737793,0.2858999967575073,-9.798099517822266;-0.004956734832376242,-0.0020943949930369854,0.0015882495790719986;-0.11509999632835388,-0.1387999951839447,-0.06729999929666519;0.0,0.0,0.0;0.0;0.739782989025116,0.6725220084190369,0.020816000178456306;0.0
0.018502390012145042,-0.3813963234424591,-9.523483276367188;0.0;0.29249998927116394,0.2897000014781952,-9.797999382019043;9.773843921720982E-4,0.0061610122211277485,-0.004939281847327948;0.050599999725818634,-0.3974999785423279,0.3148999810218811;0.0,0.0,0.0;0.0;0.7392619848251343,0.6730899810791016,0.02097800001502037;0.0
0.414254367351532,0.3021961450576782,-9.793787956237793;0.0;0.2946999967098236,0.29099997878074646,-9.797800064086914;-0.006300638429820538,-0.0034732052590698004,0.0016406094655394554;-0.20639999210834503,-0.18310000002384186,-0.08720000088214874;0.0,0.0,0.0;0.0;0.7389860153198242,0.6733890175819397,0.02110699936747551;0.0
-0.20467552542686462,-0.3808983564376831,-9.647100448608398;0.0;0.29429998993873596,0.2944999933242798,-9.797800064086914;-0.004468042869120836,-0.0026354470755904913,-0.005462880712002516;-0.29429998993873596,-0.667199969291687,0.27549999952316284;0.0,0.0,0.0;0.0;0.7385870218276978,0.6738229990005493,0.021213000640273094;0.0
0.5577053427696228,0.17944063246250153,-9.59792423248291;0.0;0.3005000054836273,0.29499998688697815,-9.797599792480469;-0.0031939526088535786,1.2217304902151227E-4,-6.2831852119416E-4;0.14069999754428864,0.008899999782443047,0.03989999741315842;0.0,0.0,0.0;0.0;0.738207995891571,0.6742299795150757,0.02146199904382229;0.0
-0.2267596274614334,-0.34900757670402527,-9.677506446838379;0.0;0.30069997906684875,0.296999990940094,-9.797499656677246;-0.0019896754529327154,0.006475171539932489,-0.0028797932900488377;-0.30069997906684875,-0.6696000099182129,0.2751999795436859;0.0,0.0,0.0;0.0;0.7378100156784058,0.6746630072593689,0.021539000794291496;0.0
0.35712867975234985,0.26200228929519653,-9.809264183044434;0.0;0.30320000648498535,0.29649999737739563,-9.797399520874023;-0.003263765713199973,-8.377580670639873E-4,6.2831852119416E-4;-0.30320000648498535,-0.29649999737739563,-0.05819999799132347;0.0,0.0,0.0;0.0;0.7374899983406067,0.6750109791755676,0.021616999059915543;0.0
0.31345847249031067,-0.15173491835594177,-9.484524726867676;0.0;0.30379998683929443,0.2970999777317047,-9.797399520874023;-9.075712296180427E-4,0.005323254037648439,-0.00125663704238832;0.2256999909877777,-0.10099999606609344,0.18689998984336853;0.0,0.0,0.0;0.0;0.7373030185699463,0.6752139925956726,0.021661000326275826;0.0
-0.21131223440170288,-0.33823367953300476,-9.691048622131348;0.0;0.3043999969959259,0.29889997839927673,-9.7972993850708;-0.0034732052590698004,0.0035953782498836517,-8.377580670639873E-4;-0.2945999801158905,-0.6715999841690063,0.2848999798297882;0.0,0.0,0.0;0.0;0.7369419932365417,0.6756049990653992,0.021748000755906105;0.0
0.38407784700393677,0.2905411720275879,-9.806477546691895;0.0;0.30570000410079956,0.30069997906684875,-9.797200202941895;-0.003857177682220936,0.0011519172694534063,-0.003228859044611454;-0.29589998722076416,-0.27129998803138733,-0.04859999939799309;0.0,0.0,0.0;0.0;0.7365859746932983,0.6759889721870422,0.021856999024748802;0.0
0.0731189176440239,-0.372087687253952,-9.52170181274414;0.0;0.30809998512268066,0.2992999851703644,-9.797200202941895;-0.003490658476948738,6.457717972807586E-4,-4.0142572834156454E-4;0.10359999537467957,-0.3188999891281128,0.3042999804019928;0.0,0.0,0.0;0.0;0.7364220023155212,0.6761670112609863,0.021902000531554222;0.0
0.1043967753648758,0.10413819551467896,-9.883513450622559;0.0;0.3100999891757965,0.3005000054836273,-9.797100067138672;-0.004642575979232788,-0.003176499158143997,0.0020420351065695286;-0.48669999837875366,-0.5063999891281128,1.9999999494757503E-4;0.0,0.0,0.0;0.0;0.7360829710960388,0.676531970500946,0.02201700024306774;0.0
-0.002863465342670679,-0.39028361439704895,-9.548450469970703;0.0;0.313400000333786,0.3025999963283539,-9.796899795532227;0.0013089969288557768,0.008761553093791008,-0.004310963209718466;0.02969999983906746,-0.4202999770641327,0.29429998993873596;0.0,0.0,0.0;0.0;0.7356740236282349,0.6769689917564392,0.022249000146985054;0.0
0.13528196513652802,0.12148179858922958,-9.86415958404541;0.0;0.31540000438690186,0.3043999969959259,-9.796799659729004;-0.006579891312867403,-0.0028972465079277754,0.001029744278639555;-0.4722999930381775,-0.48089998960494995,0.0;0.0,0.0,0.0;0.0;0.7354919910430908,0.6771630048751831,0.022350000217556953;0.0
0.3347381353378296,-0.13328999280929565,-9.473578453063965;0.0;0.31769999861717224,0.30559998750686646,-9.796699523925781;0.0014486232539638877,0.00799360778182745,-0.0024434609804302454;0.045099999755620956,-0.03099999949336052,0.03909999877214432;0.0,0.0,0.0;0.0;0.7350189685821533,0.6776729822158813,0.02247699908912182;0.0
-0.056579772382974625,-0.07375099509954453,-9.789095878601074;0.0;0.3154999911785126,0.3084999918937683,-9.796699523925781;-0.00518362782895565,-0.0037000980228185654,-0.0025656339712440968;-0.5116999745368958,-0.632099986076355,0.1665000021457672;0.0,0.0,0.0;0.0;0.7347229719161987,0.6779929995536804,0.022499999031424522;0.0
0.39643192291259766,-0.06276638805866241,-9.434150695800781;0.0;0.3173999786376953,0.31049999594688416,-9.796500205993652;-0.0023561944253742695,0.002251474652439356,-0.0013089969288557768;0.05509999766945839,-0.026099998503923416,0.06830000132322311;0.0,0.0,0.0;0.0;0.7343220114707947,0.6784219741821289,0.022640999406576157;0.0
-0.0030166939832270145,0.0,-9.789067268371582;0.0;0.31610000133514404,0.31290000677108765,-9.796500205993652;-0.0031939526088535786,6.2831852119416E-4,-0.00125663704238832;-0.41419997811317444,-0.7050999999046326,0.31349998712539673;0.0,0.0,0.0;0.0;0.7340959906578064,0.6786649823188782,0.022671999409794807;0.0
0.2857336103916168,-0.17846378684043884,-9.421308517456055;0.0;0.3166999816894531,0.3132999837398529,-9.796500205993652;-0.0011693706037476659,0.0016231562476605177,-0.002007128670811653;0.14409999549388885,3.9999998989515007E-4,0.12709999084472656;0.0,0.0,0.0;0.0;0.7337210178375244,0.679069995880127,0.022709999233484268;0.0
0.07748594880104065,0.09495404362678528,-9.816840171813965;0.0;0.31630000472068787,0.3155999779701233,-9.79640007019043;-0.0038397242315113544,-1.9198621157556772E-4,-0.0015358896926045418;-0.4731999933719635,-0.7078999876976013,0.24469999969005585;0.0,0.0,0.0;0.0;0.7333829998970032,0.6794329881668091,0.02277499996125698;0.0
0.0015610195696353912,-0.374912828207016,-9.485588073730469;0.0;0.319599986076355,0.314300000667572,-9.796299934387207;-0.003403391921892762,0.002740166848525405,-0.0028797932900488377;0.21969999372959137,-0.1573999971151352,0.23489999771118164;0.0,0.0,0.0;0.0;0.7330999970436096,0.6797360181808472,0.022853000089526176;0.0
0.5247802734375,0.28757235407829285,-9.659061431884766;0.0;0.3215999901294708,0.3123999834060669,-9.796299934387207;-0.00251327408477664,0.0013788101496174932,-0.0026179938577115536;-0.2921999990940094,-0.26339998841285706,-0.03959999978542328;0.0,0.0,0.0;0.0;0.7329189777374268,0.6799309849739075,0.022863000631332397;0.0
