10.0
calibration_0002.txt
0.21661779284477234,0.08517611771821976,-9.657835960388184;0.0;0.19259999692440033,0.05869999900460243,-9.804499626159668;0.00125663704238832,0.0014486232539638877,-1.3962633966002613E-4;0.003399999812245369,0.0,0.15479999780654907;0.0,0.0,0.0;0.0;-0.19442600011825562,-0.9808629751205444,-0.004860999993979931;0.0
0.878978431224823,0.20751981437206268,-9.092248916625977;0.0;0.19049999117851257,0.0731000006198883,-9.804499626159668;-0.001029744278639555,0.0015358896926045418,0.0024085543118417263;0.9077000021934509,-0.25939998030662537,0.5077999830245972;0.0,0.0,0.0;0.0;-0.19366300106048584,-0.9810119867324829,-0.005541000049561262;0.0
0.968368411064148,-0.364742249250412,-9.76810359954834;0.0;0.19269999861717224,0.07119999825954437,-9.804399490356445;0.0012217304902151227,0.007260569836944342,0.004014257341623306;-0.4083999991416931,0.6347000002861023,0.5076999664306641;0.0,0.0,0.0;0.0;-0.19377300143241882,-0.9809899926185608,-0.005468000192195177;0.0
0.2042541354894638,0.7878839373588562,-9.065913200378418;0.0;0.1899999976158142,0.07270000129938126,-9.804499626159668;-0.0014660765882581472,-0.00125663704238832,-5.2359879191499203E-5;-0.5527999997138977,-0.5825999975204468,-0.43359997868537903;0.0,0.0,0.0;0.0;-0.19353100657463074,-0.9810389876365662,-0.005512000061571598;0.0
-0.5955433249473572,-0.34014901518821716,-10.17164134979248;0.0;0.19119998812675476,0.07249999791383743,-9.804499626159668;-5.934119690209627E-4,-0.0020769417751580477,-0.002740166848525405;0.661899983882904,0.5059999823570251,0.8215999603271484;0.0,0.0,0.0;0.0;-0.19361600279808044,-0.981020987033844,-0.005518000107258558;0.0
1.0880688428878784,-0.2479722648859024,-9.675946235656738;0.0;0.18969999253749847,0.0731000006198883,-9.804499626159668;-0.0014486232539638877,0.004939281847327948,0.004782202187925577;-0.9055999517440796,0.24059998989105225,0.12529999017715454;0.0,0.0,0.0;0.0;-0.1935569941997528,-0.981033980846405,-0.005532999988645315;0.0
0.6684898734092712,0.7053701281547546,-8.954582214355469;0.0;0.18799999356269836,0.07229999452829361,-9.804499626159668;0.005148721393197775,-3.1415926059708E-4,0.0011344640515744686;-0.5508999824523926,-0.5625999569892883,-0.37469998002052307;0.0,0.0,0.0;0.0;-0.19364799559116364,-0.981016993522644,-0.005475999787449837;0.0
-0.4625980854034424,0.6485030651092529,-9.376996040344238;0.0;0.186599999666214,0.07249999791383743,-9.80459976196289;-1.3962633966002613E-4,-4.5378561480902135E-4,-0.0020943949930369854;0.5586000084877014,-0.5922999978065491,-0.15889999270439148;0.0,0.0,0.0;0.0;-0.19359999895095825,-0.9810270071029663,-0.0054709999822080135;0.0
-0.6628299355506897,-0.2710619568824768,-10.103004455566406;0.0;0.18799999356269836,0.07339999824762344,-9.804499626159668;-0.003857177682220936,0.0017802357906475663,8.726646046852693E-5;0.9199999570846558,0.2599000036716461,0.6843000054359436;0.0,0.0,0.0;0.0;-0.19366300106048584,-0.9810140132904053,-0.0055320002138614655;0.0
-0.3109493553638458,-0.5450735688209534,-10.24016284942627;0.0;0.18459999561309814,0.07349999994039536,-9.80459976196289;-0.005148721393197775,-0.0047996556386351585,-0.004660028964281082;0.6389999985694885,0.5442000031471252,0.8216999769210815;0.0,0.0,0.0;0.0;-0.19391599297523499,-0.9809650182723999,-0.005504999775439501;0.0
0.7095743417739868,-0.5628864169120789,-10.019944190979004;0.0;0.18639999628067017,0.07199999690055847,-9.80459976196289;8.377580670639873E-4,0.007016223389655352,0.0020420351065695286;-0.1078999936580658,0.7418000102043152,0.7235999703407288;0.0,0.0,0.0;0.0;-0.19392399489879608,-0.9809629917144775,-0.00544800003990531;0.0
1.1012753248214722,-0.19861340522766113,-9.619758605957031;0.0;0.18490000069141388,0.07259999960660934,-9.80459976196289;0.001745329238474369,0.006457718089222908,0.0055850534699857235;-0.7536999583244324,0.4372999966144562,0.26269999146461487;0.0,0.0,0.0;0.0;-0.19385600090026855,-0.9809769988059998,-0.00546000013127923;0.0
1.1439112424850464,0.25496333837509155,-9.245391845703125;0.0;0.18469999730587006,0.07159999758005142,-9.80459976196289;0.0028623400721699,0.003944444004446268,0.007103490177541971;-0.920199990272522,0.14399999380111694,-0.001999999862164259;0.0,0.0,0.0;0.0;-0.1938519924879074,-0.9809780120849609,-0.005413000006228685;0.0
1.0740771293640137,0.41316258907318115,-9.112743377685547;0.0;0.1873999983072281,0.07099999487400055,-9.80459976196289;0.004171337001025677,0.009686577133834362,0.0038222710136324167;-0.9620999693870544,-0.05130000039935112,-0.15889999270439148;0.0,0.0,0.0;0.0;-0.19380000233650208,-0.980987012386322,-0.005404000170528889;0.0
0.641023576259613,0.7450467944145203,-9.004534721374512;0.0;0.1875,0.06969999521970749,-9.80459976196289;0.00143117003608495,0.0049916417337954044,0.0015533430268988013;-0.6092000007629395,-0.5501999855041504,-0.4041000008583069;0.0,0.0,0.0;0.0;-0.19384299218654633,-0.9809790253639221,-0.00534099992364645;0.0
0.11254663020372391,0.8248599171638489,-9.105551719665527;0.0;0.18609999120235443,0.06870000064373016,-9.80459976196289;-0.003403391921892762,-0.004502949304878712,3.490658491500653E-5;-0.3725000023841858,-0.6570999622344971,-0.46289998292922974;0.0,0.0,0.0;0.0;-0.19372199475765228,-0.981003999710083,-0.005280000157654285;0.0
-0.1753896325826645,0.7497873306274414,-9.25793743133545;0.0;0.18799999356269836,0.06599999964237213,-9.80459976196289;0.0010122909443452954,0.0020943949930369854,-6.981316983001307E-5;0.5277999639511108,-0.5956000089645386,-0.20789998769760132;0.0,0.0,0.0;0.0;-0.19381600618362427,-0.9809849858283997,-0.005164000205695629;0.0
-0.515902578830719,0.5850471258163452,-9.50683879852295;0.0;0.19049999117851257,0.06589999794960022,-9.804499626159668;-0.0010471974965184927,5.410520825535059E-4,0.0;0.34880000352859497,-0.6640999913215637,-0.2766000032424927;0.0,0.0,0.0;0.0;-0.19399499893188477,-0.9809479713439941,-0.005181000102311373;0.0
-0.7218326330184937,0.24456290900707245,-9.795943260192871;0.0;0.18769998848438263,0.06889999657869339,-9.80459976196289;-0.0012915435945615172,0.002024581888690591,0.001972222002223134;0.9889999628067017,-0.05909999832510948,0.3999999761581421;0.0,0.0,0.0;0.0;-0.1938440054655075,-0.9809790253639221,-0.005305000115185976;0.0
-0.6239576935768127,0.4725196659564972,-9.62761116027832;0.0;0.18789999186992645,0.06889999657869339,-9.80459976196289;-0.0026529005263000727,-0.005794493015855551,-0.005288347601890564;0.41019999980926514,-0.6474999785423279,-0.25699999928474426;0.0,0.0,0.0;0.0;-0.19387300312519073,-0.9809730052947998,-0.0053079999051988125;0.0
-0.7684812545776367,0.23662374913692474,-9.824338912963867;0.0;0.188400000333786,0.06830000132322311,-9.80459976196289;-0.0025656339712440968,-0.007923794910311699,-0.0057072266936302185;0.958899974822998,-0.07809999585151672,0.35089999437332153;0.0,0.0,0.0;0.0;-0.19406099617481232,-0.9809359908103943,-0.005284000188112259;0.0
-0.7762576341629028,0.02886449545621872,-9.9480619430542;0.0;0.1889999955892563,0.06830000132322311,-9.804499626159668;-0.0024260077625513077,-0.0067369709722697735,-0.00724311638623476;0.9680999517440796,0.029600000008940697,0.4490000009536743;0.0,0.0,0.0;0.0;-0.19415999948978424,-0.9809160232543945,-0.0052919997833669186;0.0
-0.7736815214157104,0.06403053551912308,-9.940505027770996;0.0;0.19059999287128448,0.06679999828338623,-9.804499626159668;-6.2831852119416E-4,2.4434609804302454E-4,-0.007295476272702217;0.9860999584197998,-0.06679999828338623,0.39010000228881836;0.0,0.0,0.0;0.0;-0.19409999251365662,-0.9809269905090332,-0.005231000017374754;0.0
-0.7345506548881531,0.16767072677612305,-9.85258960723877;0.0;0.19249999523162842,0.06709999591112137,-9.804499626159668;-0.0036128314677625895,-0.005358160939067602,-0.003298672381788492;0.9448999762535095,-0.12600000202655792,0.2919999957084656;0.0,0.0,0.0;0.0;-0.19425299763679504,-0.98089599609375,-0.005266999825835228;0.0
-0.6560878753662109,0.41183140873908997,-9.670937538146973;0.0;0.18979999423027039,0.06669999659061432,-9.804499626159668;-8.726646192371845E-4,-0.0012391837080940604,-0.0023561944253742695;0.6337999701499939,-0.5080000162124634,-0.10009999573230743;0.0,0.0,0.0;0.0;-0.1941699981689453,-0.9809139966964722,-0.005216000135987997;0.0
-0.17991946637630463,0.769745409488678,-9.270406723022461;0.0;0.18940000236034393,0.06599999964237213,-9.804499626159668;3.8397242315113544E-4,6.108652451075613E-4,-6.981316837482154E-4;-0.10109999775886536,-0.7132999897003174,-0.4138999879360199;0.0,0.0,0.0;0.0;-0.1939850002527237,-0.9809510111808777,-0.005164000205695629;0.0
0.7074579000473022,0.7016734480857849,-9.013278007507324;0.0;0.18959999084472656,0.065700002014637,-9.804499626159668;-5.235987482592463E-4,0.0034208453726023436,-0.0010471974965184927;-0.444599986076355,-0.6442999839782715,-0.4530999958515167;0.0,0.0,0.0;0.0;-0.194132998585701,-0.9809209704399109,-0.005164000205695629;0.0
1.1348707675933838,0.022151153534650803,-9.419565200805664;0.0;0.1889999955892563,0.06599999964237213,-9.80459976196289;0.0017627825727686286,0.008918632753193378,0.0028448866214603186;-0.875499963760376,0.2378999888896942,0.04690000042319298;0.0,0.0,0.0;0.0;-0.19419099390506744,-0.9809100031852722,-0.005173000041395426;0.0
0.06064991652965546,-0.659765362739563,-10.229447364807129;0.0;0.1875,0.06799999624490738,-9.80459976196289;-0.004433136433362961,-0.0011868239380419254,3.490658491500653E-5;0.9009000062942505,0.23589999973773956,0.6746000051498413;0.0,0.0,0.0;0.0;-0.19429799914360046,-0.9808890223503113,-0.0052629997953772545;0.0
-0.44254425168037415,0.621525228023529,-9.429027557373047;0.0;0.18209999799728394,0.06859999895095825,-9.804699897766113;-0.00188495556358248,-0.0047996556386351585,-0.0031415927223861217;0.3472999930381775,-0.6863999962806702,-0.2078000009059906;0.0,0.0,0.0;0.0;-0.19399100542068481,-0.9809529781341553,-0.005235999822616577;0.0
0.9279542565345764,0.5302486419677734,-9.003634452819824;0.0;0.1850999891757965,0.0674000009894371,-9.80459976196289;0.0027576202992349863,0.00724311638623476,0.006195918656885624;-0.8715999722480774,-0.26350000500679016,-0.22749999165534973;0.0,0.0,0.0;0.0;-0.19415299594402313,-0.9809190034866333,-0.005206000059843063;0.0
0.6597366333007812,-0.5737177729606628,-9.945274353027344;0.0;0.18649999797344208,0.06589999794960022,-9.80459976196289;8.377580670639873E-4,0.005113814491778612,0.0024260077625513077;-0.18649999797344208,0.7479999661445618,0.7335000038146973;0.0,0.0,0.0;0.0;-0.19437800347805023,-0.9808740019798279,-0.0051449998281896114;0.0
-0.6201077699661255,-0.3236673176288605,-10.07429313659668;0.0;0.1842999905347824,0.06669999659061432,-9.80459976196289;-0.0013788101496174932,-0.002234021434560418,-0.006928957067430019;0.943399965763092,0.06069999933242798,0.5961999893188477;0.0,0.0,0.0;0.0;-0.19418199360370636,-0.9809139966964722,-0.0051659997552633286;0.0
-0.07856812328100204,0.7879126071929932,-9.134607315063477;0.0;0.1784999966621399,0.07019999623298645,-9.804699897766113;-0.0028623400721699,-0.002687806962057948,-0.0014486232539638877;-0.16869999468326569,-0.7272999882698059,-0.3352999985218048;0.0,0.0,0.0;0.0;-0.1939609944820404,-0.9809600114822388,-0.005280999932438135;0.0
1.129775881767273,0.10630255937576294,-9.253149032592773;0.0;0.1816999912261963,0.06989999860525131,-9.804699897766113;0.0,0.004066617228090763,0.0017802357906475663;-0.8190999627113342,0.3319999873638153,0.20399999618530273;0.0,0.0,0.0;0.0;-0.19404999911785126,-0.9809409976005554,-0.005297999829053879;0.0
-0.17149187624454498,-0.6325480937957764,-10.199308395385742;0.0;0.17999999225139618,0.06830000132322311,-9.804699897766113;4.0142572834156454E-4,-8.726646046852693E-5,-0.0013264502631500363;0.7220999598503113,0.49059998989105225,0.8217999935150146;0.0,0.0,0.0;0.0;-0.1940850019454956,-0.9809349775314331,-0.005200999788939953;0.0
-0.612465500831604,0.4654615521430969,-9.591851234436035;0.0;0.17790000140666962,0.06689999997615814,-9.804800033569336;-0.00188495556358248,0.0019198621157556772,5.759586347267032E-4;0.6162999868392944,-0.5473999977111816,-0.08020000159740448;0.0,0.0,0.0;0.0;-0.19396600127220154,-0.9809600114822388,-0.005107999779284;0.0
0.761174201965332,0.6701275110244751,-8.986185073852539;0.0;0.17509999871253967,0.06870000064373016,-9.804800033569336;-0.001343903481028974,-0.0012391837080940604,-0.0030717793852090836;-0.49869999289512634,-0.6276999711990356,-0.41359999775886536;0.0,0.0,0.0;0.0;-0.19386599957942963,-0.9809809923171997,-0.005167999770492315;0.0
0.16852307319641113,-0.6825198531150818,-10.21532154083252;0.0;0.1824999898672104,0.06480000168085098,-9.804699897766113;-0.0028797932900488377,-0.004974188283085823,-0.0019896754529327154;0.0037999998312443495,0.7391999959945679,0.6942999958992004;0.0,0.0,0.0;0.0;-0.19439199566841125,-0.9808740019798279,-0.0050559998489916325;0.0
-0.7018937468528748,0.29511886835098267,-9.809139251708984;0.0;0.1727999895811081,0.06839999556541443,-9.804800033569336;-0.005166174378246069,-0.009581857360899448,-0.005672320257872343;0.7684999704360962,-0.4213999807834625,0.02759999968111515;0.0,0.0,0.0;0.0;-0.19404299557209015,-0.9809470176696777,-0.005133999977260828;0.0
0.935788094997406,0.5260826945304871,-9.09559154510498;0.0;0.17649999260902405,0.06579999625682831,-9.804800033569336;0.002234021434560418,0.00753982225432992,0.006126105785369873;-0.8434000015258789,-0.2912999987602234,-0.3351999819278717;0.0,0.0,0.0;0.0;-0.19406799972057343,-0.9809409976005554,-0.005038999952375889;0.0
0.18041746318340302,-0.6819835901260376,-10.26318645477295;0.0;0.17409999668598175,0.06390000134706497,-9.804800033569336;-4.7123889089562E-4,7.504915702156723E-4,-0.002007128670811653;0.23770000040531158,0.7008999586105347,0.7238999605178833;0.0,0.0,0.0;0.0;-0.1940380036830902,-0.9809479713439941,-0.0049219997599720955;0.0
-0.6445190906524658,0.401258647441864,-9.751899719238281;0.0;0.1673000007867813,0.06579999625682831,-9.804999351501465;-0.0018500490114092827,-0.0012217304902151227,-0.0018325956771150231;0.6074000000953674,-0.5658999681472778,-0.1290999948978424;0.0,0.0,0.0;0.0;-0.19387400150299072,-0.9809830188751221,-0.004947000183165073;0.0
1.0923497676849365,0.32958582043647766,-9.2288818359375;0.0;0.1678999960422516,0.06589999794960022,-9.804900169372559;0.0012217304902151227,0.0016929693520069122,0.002460914198309183;-0.8935999870300293,-0.06589999794960022,-0.2467999905347824;0.0,0.0,0.0;0.0;-0.19385899603366852,-0.9809859991073608,-0.00495699979364872;0.0
-0.09373778849840164,-0.6569784879684448,-10.300688743591309;0.0;0.17059999704360962,0.06399999558925629,-9.804900169372559;9.4247778179124E-4,0.0027052604127675295,-8.726646046852693E-5;0.48639997839927673,0.6322000026702881,0.7337999939918518;0.0,0.0,0.0;0.0;-0.19415000081062317,-0.9809269905090332,-0.004890999756753445;0.0
-0.4353999197483063,0.611804723739624,-9.563819885253906;0.0;0.1647000014781952,0.06369999796152115,-9.804999351501465;-5.061454721726477E-4,0.0016231562476605177,0.0026703537441790104;0.49229997396469116,-0.6128999590873718,-0.22709999978542328;0.0,0.0,0.0;0.0;-0.1939920037984848,-0.9809610247612,-0.004819000139832497;0.0
1.1118193864822388,0.2553080916404724,-9.258081436157227;0.0;0.16669999063014984,0.06459999829530716,-9.804999351501465;-0.0019198621157556772,-0.0010122909443452954,-0.002321287989616394;-0.8824999928474426,-0.03519999980926514,-0.20749999582767487;0.0,0.0,0.0;0.0;-0.19400900602340698,-0.9809569716453552,-0.0048790001310408115;0.0
-0.123943030834198,-0.6441647410392761,-10.322188377380371;0.0;0.16979999840259552,0.06279999762773514,-9.804900169372559;-0.0037350046914070845,-0.00874409917742014,-0.009075712412595749;0.8597999811172485,0.3587999939918518,0.6455000042915344;0.0,0.0,0.0;0.0;-0.19429099559783936,-0.98089998960495,-0.004827000200748444;0.0
-0.10792103409767151,0.7743231058120728,-9.307631492614746;0.0;0.16189999878406525,0.06469999998807907,-9.804999351501465;-0.0019198621157556772,-0.002234021434560418,-6.108652451075613E-4;0.19099999964237213,-0.7119999527931213,-0.3741999864578247;0.0,0.0,0.0;0.0;-0.1938360035419464,-0.9809929728507996,-0.004838999826461077;0.0
1.1310495138168335,-0.02284068427979946,-9.46529483795166;0.0;0.16920000314712524,0.06109999865293503,-9.804900169372559;0.0012042771559208632,0.006894050631672144,0.0062831854447722435;-0.8752999901771545,0.1251000016927719,-0.09969999641180038;0.0,0.0,0.0;0.0;-0.19408999383449554,-0.9809409976005554,-0.004741000011563301;0.0
