160.0
calibration_0006.txt
-0.012928688898682594,0.004529829602688551,-9.716609001159668;0.0;0.16279999911785126,0.322299987077713,-9.79990005493164;-0.004049163777381182,5.759586347267032E-4,-0.0016929693520069122;-0.16279999911785126,-0.322299987077713,0.09139999747276306;0.0,0.0,0.0;0.0;0.9978799819946289,0.062408000230789185,0.00931399967521429;0.0
0.3603752553462982,0.2334442436695099,-9.595959663391113;0.0;0.1639999896287918,0.3220999836921692,-9.79990005493164;-0.0028972465079277754,0.0031415927223861217,-0.0011519172694534063;0.22809998691082,-0.037699997425079346,0.2777000069618225;0.0,0.0,0.0;0.0;0.9978770017623901,0.06246199831366539,0.009378000162541866;0.0
0.28636568784713745,0.19486886262893677,-9.590607643127441;0.0;0.1630999892950058,0.3172000050544739,-9.80009937286377;-0.003036872949451208,0.001483529806137085,-0.0014660765882581472;0.12119999527931213,-0.09160000085830688,0.29749998450279236;0.0,0.0,0.0;0.0;0.9978920221328735,0.062293000519275665,0.009309999644756317;0.0
0.2940462529659271,0.2404257357120514,-9.503716468811035;0.0;0.16449999809265137,0.3188000023365021,-9.800000190734863;-0.0023911010939627886,0.0024260077625513077,-0.0016755161341279745;-0.3507999777793884,-0.42659997940063477,0.042399998754262924;0.0,0.0,0.0;0.0;0.99788498878479,0.062362998723983765,0.00938900001347065;0.0
-0.05324704572558403,-0.04310520738363266,-9.679269790649414;0.0;0.16599999368190765,0.3206000030040741,-9.79990005493164;-0.0034732052590698004,0.002373647876083851,-0.0012740903766825795;-0.5582999587059021,-0.5952000021934509,-0.05559999868273735;0.0,0.0,0.0;0.0;0.997875988483429,0.06248300150036812,0.009475000202655792;0.0
-0.22872287034988403,-0.16942329704761505,-9.759167671203613;0.0;0.1678999960422516,0.3220999836921692,-9.79990005493164;-0.004468042869120836,0.005567600484937429,-0.0015533430268988013;-0.5406000018119812,-0.6162999868392944,-0.05570000037550926;0.0,0.0,0.0;0.0;0.9978609681129456,0.06268499791622162,0.009580000303685665;0.0
0.015322891063988209,0.016912641003727913,-9.665239334106445;0.0;0.1687999963760376,0.3254999816417694,-9.799699783325195;-0.00563741335645318,-0.0015358896926045418,9.250245057046413E-4;-0.5315999984741211,-0.6098999977111816,-0.04600000008940697;0.0,0.0,0.0;0.0;0.9978529810905457,0.06276699900627136,0.00963400024920702;0.0
0.10881167650222778,0.07420109212398529,-9.631135940551758;0.0;0.17029999196529388,0.32679998874664307,-9.799699783325195;-0.005811946466565132,-0.0019024088978767395,0.0021118484437465668;-0.48409998416900635,-0.5620999932289124,-0.006899999920278788;0.0,0.0,0.0;0.0;0.9978430271148682,0.06288400292396545,0.009716999717056751;0.0
0.3891918659210205,0.2829180359840393,-9.544255256652832;0.0;0.1720999926328659,0.3261999785900116,-9.799699783325195;-0.0036826448049396276,0.0013089969288557768,5.235987482592463E-4;0.004399999976158142,-0.19869999587535858,0.21859999001026154;0.0,0.0,0.0;0.0;0.9978340268135071,0.06302700191736221,0.009808000177145004;0.0
-0.0573459193110466,-0.06210559234023094,-9.738846778869629;0.0;0.16990000009536743,0.3269999921321869,-9.799699783325195;-0.0016231562476605177,0.005602506920695305,-0.003403391921892762;0.15359999239444733,-0.1111999973654747,0.23819999396800995;0.0,0.0,0.0;0.0;0.9978330135345459,0.06305400282144547,0.009701999835669994;0.0
-0.3670407235622406,-0.27263253927230835,-9.831818580627441;0.0;0.17090000212192535,0.32850000262260437,-9.799599647521973;-0.0022165682166814804,0.0039618974551558495,-0.0019547687843441963;-0.4846999943256378,-0.5834999680519104,-0.01679999940097332;0.0,0.0,0.0;0.0;0.9978309869766235,0.06305000185966492,0.009757000021636486;0.0
0.29024428129196167,0.21354363858699799,-9.557318687438965;0.0;0.16949999332427979,0.33159998059272766,-9.79949951171875;-0.004764748737215996,0.0019198621157556772,3.8397242315113544E-4;-0.20879998803138733,-0.3513000011444092,0.12039999663829803;0.0,0.0,0.0;0.0;0.9978200197219849,0.06319200247526169,0.009699000045657158;0.0
-0.20203231275081635,-0.18350118398666382,-9.778810501098633;0.0;0.17029999196529388,0.3312999904155731,-9.79949951171875;-0.0014137167017906904,0.004590216092765331,-0.002321287989616394;-0.02319999970495701,-0.24300000071525574,0.15959998965263367;0.0,0.0,0.0;0.0;0.9978229999542236,0.06314100325107574,0.009738000109791756;0.0
0.2070218324661255,0.14825855195522308,-9.59693717956543;0.0;0.16499999165534973,0.3269999921321869,-9.799799919128418;-0.006667157635092735,-0.003804817795753479,3.490658418741077E-4;-0.5375999808311462,-0.6309999823570251,-0.016599999740719795;0.0,0.0,0.0;0.0;0.9978489875793457,0.06282299757003784,0.00944599974900484;0.0
-0.23362620174884796,-0.20977994799613953,-9.785351753234863;0.0;0.1639000028371811,0.32679998874664307,-9.799799919128418;-0.003717551240697503,0.0023561944253742695,-0.0015009831404313445;0.21849998831748962,-0.09149999916553497,0.24809999763965607;0.0,0.0,0.0;0.0;0.997842013835907,0.06294599920511246,0.009391999803483486;0.0
0.25955063104629517,0.20327730476856232,-9.557950019836426;0.0;0.16529999673366547,0.32739999890327454,-9.799699783325195;-0.0012915435945615172,0.005201081279665232,-0.0021118484437465668;-0.5281000137329102,-0.6019999980926514,0.002899999963119626;0.0,0.0,0.0;0.0;0.9978320002555847,0.0630899965763092,0.009467000141739845;0.0
-0.1913350224494934,-0.1678048074245453,-9.758986473083496;0.0;0.16740000247955322,0.3287000060081482,-9.799699783325195;0.001483529806137085,0.002234021434560418,-3.490658491500653E-5;0.20509999990463257,-0.07369999587535858,0.2773999869823456;0.0,0.0,0.0;0.0;0.9978219866752625,0.06322500109672546,0.009581999853253365;0.0
0.2919585406780243,0.2235705554485321,-9.566396713256836;0.0;0.16689999401569366,0.32749998569488525,-9.799699783325195;-0.006667157635092735,-0.002460914198309183,0.0022165682166814804;-0.5199999809265137,-0.5824999809265137,0.002899999963119626;0.0,0.0,0.0;0.0;0.9978280067443848,0.06313399970531464,0.009553000330924988;0.0
-0.18155710399150848,-0.15391844511032104,-9.756975173950195;0.0;0.16949999332427979,0.3276999890804291,-9.799699783325195;-9.075712296180427E-4,0.0057072266936302185,-0.005201081279665232;0.22269999980926514,-0.06289999932050705,0.26759999990463257;0.0,0.0,0.0;0.0;0.9978160262107849,0.06331700086593628,0.0096859997138381;0.0
0.20390936732292175,0.13541604578495026,-9.593929290771484;0.0;0.16619999706745148,0.3279999792575836,-9.799699783325195;-0.007103490177541971,-0.0018675023457035422,0.003525565145537257;-0.5486999750137329,-0.6123999953269958,-0.006799999624490738;0.0,0.0,0.0;0.0;0.9978269934654236,0.06316100060939789,0.009518000297248363;0.0
-0.2750746011734009,-0.2199026346206665,-9.78853988647461;0.0;0.16359999775886536,0.32339999079704285,-9.79990005493164;-0.0015358896926045418,0.0011868239380419254,-0.005445427261292934;0.1696999967098236,-0.10769999772310257,0.21879999339580536;0.0,0.0,0.0;0.0;0.997838020324707,0.06305299699306488,0.009367999620735645;0.0
0.3652211129665375,0.27072674036026,-9.532561302185059;0.0;0.16189999878406525,0.3228999972343445,-9.79990005493164;-0.0034208453726023436,-5.2359879191499203E-5,0.0;-0.3874000012874603,-0.49939998984336853,0.06189999729394913;0.0,0.0,0.0;0.0;0.9978460073471069,0.06295699626207352,0.009278000332415104;0.0
-0.3711395561695099,-0.2819412052631378,-9.797542572021484;0.0;0.1581999957561493,0.3190000057220459,-9.80009937286377;-0.0020769417751580477,0.001972222002223134,-0.002914699725806713;0.21439999341964722,-0.044499997049570084,0.2583000063896179;0.0,0.0,0.0;0.0;0.9978609681129456,0.0627949982881546,0.009074999950826168;0.0
0.34596216678619385,0.24635377526283264,-9.56302547454834;0.0;0.15719999372959137,0.3179999887943268,-9.800199508666992;-0.005061454605311155,-0.0013089969288557768,-2.0943951676599681E-4;-0.5297999978065491,-0.602400004863739,-0.006399999838322401;0.0,0.0,0.0;0.0;0.9978669881820679,0.06271100044250488,0.009018000215291977;0.0
-0.29634469747543335,-0.2398224025964737,-9.79196834564209;0.0;0.15379999577999115,0.31610000133514404,-9.800299644470215;-0.0045378562062978745,0.0015009831404313445,-0.004694935865700245;0.19909998774528503,-0.06109999865293503,0.26819998025894165;0.0,0.0,0.0;0.0;0.9978780150413513,0.06259100139141083,0.008839000016450882;0.0
0.24225489795207977,0.18097291886806488,-9.599590301513672;0.0;0.15060000121593475,0.3147999942302704,-9.800399780273438;-0.008639379404485226,8.726646192371845E-4,0.00125663704238832;-0.4643999934196472,-0.5598999857902527,0.013399999588727951;0.0,0.0,0.0;0.0;0.9978929758071899,0.062390998005867004,0.008670000359416008;0.0
-0.1163390502333641,-0.1030847504734993,-9.737946510314941;0.0;0.1525000035762787,0.31700000166893005,-9.800299644470215;-0.00376991112716496,0.00188495556358248,-0.0010122909443452954;0.004299999680370092,-0.22869999706745148,0.17999999225139618;0.0,0.0,0.0;0.0;0.9978799819946289,0.0625540018081665,0.00877700001001358;0.0
-0.1504707932472229,-0.12905704975128174,-9.704619407653809;0.0;0.15439999103546143,0.3147999942302704,-9.800299644470215;-0.002914699725806713,0.0077841682359576225,-6.806784076616168E-4;-0.09549999982118607,-0.28540000319480896,0.15060000121593475;0.0,0.0,0.0;0.0;0.9978830218315125,0.06251999735832214,0.008863000199198723;0.0
0.04737646505236626,0.04829583689570427,-9.6964111328125;0.0;0.15240000188350677,0.3150999844074249,-9.800299644470215;-9.075712296180427E-4,0.005201081279665232,-0.0025656339712440968;-0.1621999889612198,-0.34459999203681946,0.12119999527931213;0.0,0.0,0.0;0.0;0.99788898229599,0.06242699921131134,0.008760999888181686;0.0
-0.33084994554519653,-0.25016534328460693,-9.757166862487793;0.0;0.15559999644756317,0.3146999776363373,-9.800299644470215;-0.0012391837080940604,0.003926991019397974,-0.0023911010939627886;0.15809999406337738,-0.08909999579191208,0.2093999981880188;0.0,0.0,0.0;0.0;0.9978789687156677,0.06257600337266922,0.008926999755203724;0.0
0.3759566843509674,0.25771188735961914,-9.564002990722656;0.0;0.15519998967647552,0.31529998779296875,-9.800299644470215;-0.005393067374825478,0.0032463124953210354,0.003455751808360219;-0.5376999974250793,-0.609499990940094,0.013299999758601189;0.0,0.0,0.0;0.0;0.9978929758071899,0.06235099956393242,0.008905000053346157;0.0
-0.24048319458961487,-0.18829917907714844,-9.758517265319824;0.0;0.15389999747276306,0.3131999969482422,-9.800399780273438;9.250245057046413E-4,0.00457276264205575,-0.00502654816955328;0.11069999635219574,-0.12690000236034393,0.22909998893737793;0.0,0.0,0.0;0.0;0.9978979825973511,0.06230200082063675,0.008833000436425209;0.0
0.005985504016280174,0.002461239229887724,-9.661782264709473;0.0;0.15209999680519104,0.30949997901916504,-9.80049991607666;-0.0046774824149906635,-1.7453292093705386E-4,-0.0012217304902151227;-0.210999995470047,-0.32909998297691345,0.11159999668598175;0.0,0.0,0.0;0.0;0.9979100227355957,0.06217699870467186,0.008725999854505062;0.0
0.18314684927463531,0.1253412514925003,-9.633846282958984;0.0;0.15219999849796295,0.3114999830722809,-9.80049991607666;-0.003804817795753479,0.0013788101496174932,-0.0013089969288557768;-0.2110999971628189,-0.3702999949455261,0.12129999697208405;0.0,0.0,0.0;0.0;0.9979069828987122,0.062199998646974564,0.008737999945878983;0.0
-0.22831107676029205,-0.16832196712493896,-9.718390464782715;0.0;0.14880000054836273,0.3075000047683716,-9.800600051879883;-0.002460914198309183,0.003403391921892762,-0.0012217304902151227;-0.060499999672174454,-0.22899998724460602,0.1704999953508377;0.0,0.0,0.0;0.0;0.9979159832000732,0.06212100014090538,0.008574999868869781;0.0
0.26425284147262573,0.1893143206834793,-9.615534782409668;0.0;0.15029999613761902,0.307699978351593,-9.800600051879883;-0.0014137167017906904,0.0032463124953210354,-5.235987482592463E-4;-0.5327999591827393,-0.6018999814987183,0.03319999948143959;0.0,0.0,0.0;0.0;0.9979140162467957,0.06214899942278862,0.008628999814391136;0.0
-0.31204110383987427,-0.23712173104286194,-9.756745338439941;0.0;0.15309999883174896,0.30789998173713684,-9.800600051879883;-0.0028797932900488377,0.0036477381363511086,-0.0019024088978767395;0.22919999063014984,-0.04309999942779541,0.22929999232292175;0.0,0.0,0.0;0.0;0.9979029893875122,0.06229100003838539,0.008774000220000744;0.0
0.29282042384147644,0.21784362196922302,-9.622756004333496;0.0;0.14819999039173126,0.30550000071525574,-9.800700187683105;-0.006056292448192835,-0.005393067374825478,-0.0013613568153232336;-0.5306999683380127,-0.5800999999046326,0.033299997448921204;0.0,0.0,0.0;0.0;0.9979209899902344,0.062070999294519424,0.008514000102877617;0.0
-0.20584388077259064,-0.17304332554340363,-9.71778678894043;0.0;0.1492999941110611,0.3077999949455261,-9.800600051879883;-0.004206243436783552,0.0015882495790719986,-0.00125663704238832;0.17419999837875366,-0.08229999989271164,0.21949999034404755;0.0,0.0,0.0;0.0;0.9979119896888733,0.062178000807762146,0.008578999899327755;0.0
-0.17789876461029053,-0.14181335270404816,-9.74935245513916;0.0;0.14959999918937683,0.30699998140335083,-9.800700187683105;4.886921960860491E-4,0.004974188283085823,-0.005916666239500046;-0.16920000314712524,-0.34619998931884766,0.1508999913930893;0.0,0.0,0.0;0.0;0.9979149699211121,0.06214499846100807,0.008588000200688839;0.0
0.2800832688808441,0.18700629472732544,-9.59525203704834;0.0;0.14869999885559082,0.3052999973297119,-9.800700187683105;-0.005899212788790464,0.0021816615480929613,0.003577925032004714;-0.2662999927997589,-0.4032999873161316,0.09209999442100525;0.0,0.0,0.0;0.0;0.9979209899902344,0.06207599863409996,0.008534999564290047;0.0
-0.3852078914642334,-0.2895164489746094,-9.779107093811035;0.0;0.149399995803833,0.30320000648498535,-9.800799369812012;9.4247778179124E-4,0.004363323096185923,-0.004136430099606514;0.2035999894142151,-0.057999998331069946,0.23929999768733978;0.0,0.0,0.0;0.0;0.9979280233383179,0.06197600066661835,0.008564000017940998;0.0
0.27698999643325806,0.18809807300567627,-9.633453369140625;0.0;0.14989998936653137,0.30640000104904175,-9.800700187683105;-0.00205948855727911,0.003036872949451208,1.5707963029854E-4;-0.5029999613761902,-0.5613999962806702,0.0429999977350235;0.0,0.0,0.0;0.0;0.9979199767112732,0.06206100061535835,0.008603000082075596;0.0
-0.02679590694606304,-0.03265691176056862,-9.673896789550781;0.0;0.15049999952316284,0.30709999799728394,-9.800600051879883;-0.0024085543118417263,0.003857177682220936,6.108652451075613E-4;-0.013199999928474426,-0.20909999310970306,0.1606999933719635;0.0,0.0,0.0;0.0;0.9979090094566345,0.06222099810838699,0.008635999634861946;0.0
-0.19697576761245728,-0.12857820093631744,-9.73277473449707;0.0;0.15139999985694885,0.31029999256134033,-9.80049991607666;-0.003298672381788492,0.002827433403581381,-0.0027925267349928617;-0.15139999985694885,-0.31029999256134033,0.14100000262260437;0.0,0.0,0.0;0.0;0.997901976108551,0.06229399889707565,0.008693000301718712;0.0
0.22055386006832123,0.1371111422777176,-9.601725578308105;0.0;0.1500999927520752,0.3098999857902527,-9.800600051879883;-0.005410520825535059,-7.15585018042475E-4,2.9670598451048136E-4;-0.12069999426603317,-0.28049999475479126,0.13120000064373016;0.0,0.0,0.0;0.0;0.9978989958763123,0.062359001487493515,0.0086260000243783;0.0
-0.16167566180229187,-0.11912590265274048,-9.73401927947998;0.0;0.15119999647140503,0.31029999256134033,-9.80049991607666;-0.0035604715812951326,0.005113814491778612,-0.0027052604127675295;-0.18060000240802765,-0.34950000047683716,0.14100000262260437;0.0,0.0,0.0;0.0;0.9978979825973511,0.06236099824309349,0.008685000240802765;0.0
0.23343466222286224,0.17454686760902405,-9.618926048278809;0.0;0.15070000290870667,0.3091999888420105,-9.800600051879883;-0.0022165682166814804,0.002007128670811653,2.0943951676599681E-4;-0.1898999959230423,-0.3287999927997589,0.11159999668598175;0.0,0.0,0.0;0.0;0.9979050159454346,0.062261998653411865,0.008654000237584114;0.0
-0.2979823350906372,-0.22134873270988464,-9.741920471191406;0.0;0.14710000157356262,0.307699978351593,-9.800700187683105;-0.0022165682166814804,0.00518362782895565,2.617993741296232E-4;-0.43149998784065247,-0.5331999659538269,0.08229999989271164;0.0,0.0,0.0;0.0;0.9979140162467957,0.062157999724149704,0.008465000428259373;0.0
0.3212348222732544,0.21664653718471527,-9.56698989868164;0.0;0.1492999941110611,0.3082999885082245,-9.800600051879883;-0.0067544239573180676,-0.001343903481028974,0.0050090947188436985;0.046699997037649155,-0.16120000183582306,0.1704999953508377;0.0,0.0,0.0;0.0;0.9979090094566345,0.062226999551057816,0.008580000139772892;0.0
