10.0
calibration_0001.txt
0.14968548715114594,-0.09545203298330307,-9.617862701416016;0.0;0.16269999742507935,-0.06109999865293503,-9.805099487304688;-0.001029744278639555,3.1415926059708E-4,-5.2359879191499203E-5;-0.005799999926239252,-0.01730000041425228,0.20430000126361847;0.0,0.0,0.0;0.0;-0.6984339952468872,-0.7156190276145935,-0.0035639998968690634;0.0
0.3471975326538086,0.2165890634059906,-9.285614013671875;0.0;0.16040000319480896,-0.05739999935030937,-9.805099487304688;-0.0019896754529327154,-0.0031415927223861217,2.617993741296232E-4;-0.7978000044822693,-0.5504999756813049,-0.07989999651908875;0.0,0.0,0.0;0.0;-0.6982290148735046,-0.7158210277557373,-0.003613000037148595;0.0
-0.1774773895740509,0.5610476732254028,-8.933762550354004;0.0;0.15680000185966492,-0.056299999356269836,-9.80519962310791;-0.0010646508308127522,0.0019198621157556772,2.2689280740451068E-4;-0.32349997758865356,0.5956999659538269,0.8712999820709229;0.0,0.0,0.0;0.0;-0.6982319951057434,-0.7158210277557373,-0.0035260000731796026;0.0
-0.30708032846450806,0.42566990852355957,-9.013824462890625;0.0;0.1525000035762787,-0.0575999990105629,-9.80519962310791;-0.0010646508308127522,-5.934119690209627E-4,-3.8397242315113544E-4;-0.5546000003814697,0.39100000262260437,0.7634999752044678;0.0,0.0,0.0;0.0;-0.698229968547821,-0.7158240079879761,-0.003329999977722764;0.0
-0.28284141421318054,0.42064207792282104,-9.01736831665039;0.0;0.15269999206066132,-0.05639999732375145,-9.80519962310791;-0.0013613568153232336,-0.0033859387040138245,-9.773843921720982E-4;-0.07419999688863754,0.6448000073432922,0.8811999559402466;0.0,0.0,0.0;0.0;-0.6983190178871155,-0.715736985206604,-0.003375000087544322;0.0
0.40662163496017456,0.7016255855560303,-8.919905662536621;0.0;0.14720000326633453,-0.05480000004172325,-9.805299758911133;0.004485496319830418,-0.002234021434560418,-0.0013962633674964309;0.911799967288971,0.20189999043941498,0.1850000023841858;0.0,0.0,0.0;0.0;-0.6982309818267822,-0.7158269882202148,-0.003237999975681305;0.0
0.8233755230903625,-0.32604238390922546,-10.018383979797363;0.0;0.15139999985694885,-0.05590000003576279,-9.805299758911133;3.1415926059708E-4,0.008866272866725922,0.0018151424592360854;0.8781999945640564,0.10499999672174454,0.08689999580383301;0.0,0.0,0.0;0.0;-0.698261022567749,-0.7157949805259705,-0.0033489998895674944;0.0
-0.2363651692867279,-0.8857492804527283,-10.182147026062012;0.0;0.15619999170303345,-0.05689999833703041,-9.80519962310791;-0.004206243436783552,-0.007749261800199747,-0.005358160939067602;-0.8720999956130981,-0.5705999732017517,-0.0405999980866909;0.0,0.0,0.0;0.0;-0.6983389854431152,-0.7157160043716431,-0.003481999970972538;0.0
-0.5930533409118652,0.06800490617752075,-9.309345245361328;0.0;0.15349999070167542,-0.055299997329711914,-9.80519962310791;-0.0017627825727686286,-0.0020769417751580477,-0.0012915435945615172;-0.8399999737739563,-0.052400000393390656,0.37119999527931213;0.0,0.0,0.0;0.0;-0.6983540058135986,-0.715703010559082,-0.0034489999525249004;0.0
0.8591832518577576,0.651854932308197,-9.16852855682373;0.0;0.15449999272823334,-0.055799998342990875,-9.80519962310791;0.003525565145537257,0.007941247895359993,0.002321287989616394;0.7770000100135803,0.6245999932289124,0.5378999710083008;0.0,0.0,0.0;0.0;-0.6983630061149597,-0.715694010257721,-0.003464000066742301;0.0
-0.08109639585018158,-0.8662891983985901,-10.312305450439453;0.0;0.15760000050067902,-0.05719999969005585,-9.80519962310791;-0.0016929693520069122,-0.0026179938577115536,-0.002600540639832616;-0.5595999956130981,-0.835099995136261,-0.4034999907016754;0.0,0.0,0.0;0.0;-0.6984699964523315,-0.7155870199203491,-0.0035250000655651093;0.0
0.050441041588783264,0.5623117685317993,-9.028918266296387;0.0;0.15789999067783356,-0.05549999698996544,-9.80519962310791;-0.0016057029133662581,0.0031939526088535786,0.0011868239380419254;0.4205999970436096,0.7615999579429626,0.7633999586105347;0.0,0.0,0.0;0.0;-0.6985170245170593,-0.7155420184135437,-0.0035979999229311943;0.0
0.17674954235553741,-0.7945494055747986,-10.358742713928223;0.0;0.1551000028848648,-0.05480000004172325,-9.80519962310791;-0.0040317103266716,-4.3633230961859226E-4,-0.0011693706037476659;-0.7336999773979187,-0.7493000030517578,-0.2954999804496765;0.0,0.0,0.0;0.0;-0.6985340118408203,-0.7155269980430603,-0.0035260000731796026;0.0
0.5588545799255371,0.6974596381187439,-9.043331146240234;0.0;0.15039999783039093,-0.05419999733567238,-9.805299758911133;-6.981316983001307E-5,-5.2359879191499203E-5,-0.0016755161341279745;0.8693999648094177,0.49549999833106995,0.36149999499320984;0.0,0.0,0.0;0.0;-0.6985840201377869,-0.7154809832572937,-0.003378999885171652;0.0
-0.5824230909347534,-0.810226559638977,-10.14328384399414;0.0;0.1459999978542328,-0.054499998688697815,-9.805399894714355;-0.005166174378246069,-0.017296213656663895,-0.00678933085873723;-0.6656999588012695,0.13300000131130219,0.4399999976158142;0.0,0.0,0.0;0.0;-0.6985780000686646,-0.7154889702796936,-0.0032110000029206276;0.0
0.41658151149749756,-0.6428527235984802,-10.345087051391602;0.0;0.148499995470047,-0.05460000038146973,-9.805299758911133;-0.0024958208668977022,-6.981316837482154E-4,-0.0012915435945615172;-0.7565999627113342,-0.7102000117301941,-0.3051999807357788;0.0,0.0,0.0;0.0;-0.6986590027809143,-0.715408980846405,-0.0032999999821186066;0.0
0.864115297794342,0.6376621127128601,-9.226314544677734;0.0;0.14459998905658722,-0.052400000393390656,-9.805399894714355;0.004241149872541428,0.010245082899928093,0.005061454605311155;0.7182999849319458,-0.1631999909877777,-0.27570000290870667;0.0,0.0,0.0;0.0;-0.6986860036849976,-0.7153840065002441,-0.0032369999680668116;0.0
-0.5724823474884033,0.011262324638664722,-9.447501182556152;0.0;0.15160000324249268,-0.053599998354911804,-9.805299758911133;-0.0038746309000998735,-0.006143558770418167,-0.0013089969288557768;-0.2791000008583069,0.47529998421669006,0.6753000020980835;0.0,0.0,0.0;0.0;-0.6988400220870972,-0.7152299880981445,-0.003444999922066927;0.0
-0.1525968313217163,-0.8993579149246216,-10.37324333190918;0.0;0.15119999647140503,-0.054499998688697815,-9.805299758911133;-5.235987482592463E-4,-0.003176499158143997,-0.006143558770418167;-0.7297999858856201,-0.7396999597549438,-0.3052999973297119;0.0,0.0,0.0;0.0;-0.6988999843597412,-0.7151719927787781,-0.003401000052690506;0.0
1.0450211763381958,0.2400714010000229,-9.687658309936523;0.0;0.15429998934268951,-0.05549999698996544,-9.80519962310791;0.002373647876083851,0.009110618382692337,0.001518436474725604;0.8262999653816223,0.03590000048279762,-0.11899999529123306;0.0,0.0,0.0;0.0;-0.6989840269088745,-0.7150880098342896,-0.003473999910056591;0.0
-0.33760160207748413,0.298978328704834,-9.220999717712402;0.0;0.15869998931884766,-0.05700000002980232,-9.80519962310791;-0.0011868239380419254,0.0016929693520069122,-3.8397242315113544E-4;-0.12919999659061432,0.5963999629020691,0.7339999675750732;0.0,0.0,0.0;0.0;-0.6991090178489685,-0.7149620056152344,-0.0035780000034719706;0.0
-0.2824583351612091,-0.8966668844223022,-10.319967269897461;0.0;0.1582999974489212,-0.05639999732375145,-9.80519962310791;5.934119690209627E-4,-0.006527531426399946,-0.002548180753365159;-0.7172999978065491,-0.7378999590873718,-0.33480000495910645;0.0,0.0,0.0;0.0;-0.6992059946060181,-0.7148680090904236,-0.0035890000872313976;0.0
1.0546362400054932,0.19342276453971863,-9.751219749450684;0.0;0.15929999947547913,-0.05719999969005585,-9.805099487304688;0.0036128314677625895,0.005759586580097675,0.001518436474725604;0.6251999735832214,-0.29569998383522034,-0.383899986743927;0.0,0.0,0.0;0.0;-0.6993250250816345,-0.7147510051727295,-0.003593999892473221;0.0
0.043277591466903687,0.5636908411979675,-9.066937446594238;0.0;0.16849999129772186,-0.0575999990105629,-9.804999351501465;-0.0025830871891230345,-0.0020769417751580477,-0.0010122909443452954;0.43939998745918274,0.7440999746322632,0.7533999681472778;0.0,0.0,0.0;0.0;-0.6994540095329285,-0.714618980884552,-0.0039079999551177025;0.0
-0.6711330413818359,-0.6844831109046936,-9.995705604553223;0.0;0.17069999873638153,-0.05900000035762787,-9.804900169372559;-0.004310963209718466,0.004433136433362961,1.7453292457503267E-5;-0.44529998302459717,0.37279999256134033,0.616100013256073;0.0,0.0,0.0;0.0;-0.6996229887008667,-0.7144519686698914,-0.003938999958336353;0.0
-0.10386046767234802,-0.8842552900314331,-10.346686363220215;0.0;0.1673000007867813,-0.05819999799132347,-9.804999351501465;-0.003979350905865431,-0.008883725851774216,-0.004153883550316095;-0.8341000080108643,-0.6085999608039856,-0.15850000083446503;0.0,0.0,0.0;0.0;-0.6996489763259888,-0.7144290208816528,-0.0038479999639093876;0.0
0.8728780746459961,-0.20026060938835144,-10.064966201782227;0.0;0.1621999889612198,-0.05590000003576279,-9.805099487304688;7.504915702156723E-4,0.006021386012434959,4.7123889089562E-4;0.033900000154972076,-0.708899974822998,-0.5212000012397766;0.0,0.0,0.0;0.0;-0.6996709704399109,-0.7144100069999695,-0.0037479999009519815;0.0
0.7028322815895081,0.7038666009902954,-9.079378128051758;0.0;0.1605999916791916,-0.05509999766945839,-9.805099487304688;0.0046774824149906635,0.013683381490409374,0.005044001620262861;0.849399983882904,0.46699997782707214,0.39069998264312744;0.0,0.0,0.0;0.0;-0.6996480226516724,-0.714434027671814,-0.0037219999358057976;0.0
-0.6013756394386292,-0.0408833883702755,-9.365743637084961;0.0;0.16499999165534973,-0.05769999697804451,-9.804999351501465;-0.0027925267349928617,-0.002460914198309183,-0.001343903481028974;-0.3806999921798706,0.44020000100135803,0.7436999678611755;0.0,0.0,0.0;0.0;-0.6997770071029663,-0.7143039703369141,-0.003782999934628606;0.0
-0.1257147490978241,-0.8638758659362793,-10.264143943786621;0.0;0.1606999933719635,-0.056199997663497925,-9.805099487304688;-0.00143117003608495,-0.0031415927223861217,-0.002251474652439356;-0.6705999970436096,-0.7773000001907349,-0.2759999930858612;0.0,0.0,0.0;0.0;-0.6997699737548828,-0.7143139839172363,-0.00368599989451468;0.0
1.039265513420105,0.2690604031085968,-9.546420097351074;0.0;0.15619999170303345,-0.0543999969959259,-9.80519962310791;4.5378561480902135E-4,0.004468042869120836,9.4247778179124E-4;0.4712999761104584,-0.38679999113082886,-0.32499998807907104;0.0,0.0,0.0;0.0;-0.6997230052947998,-0.7143629789352417,-0.0035910001024603844;0.0
0.3855814039707184,0.688773512840271,-8.904792785644531;0.0;0.15950000286102295,-0.05480000004172325,-9.805099487304688;4.886921960860491E-4,9.948377264663577E-4,-6.981316983001307E-5;0.6248999834060669,0.7216999530792236,0.7731999754905701;0.0,0.0,0.0;0.0;-0.6997399926185608,-0.7143449783325195,-0.003693999955430627;0.0
-0.3671460449695587,0.27809131145477295,-9.133448600769043;0.0;0.15649999678134918,-0.053999997675418854,-9.80519962310791;-0.003351032268255949,-0.004153883550316095,-1.7453292457503267E-5;-0.03879999741911888,0.6423999667167664,0.8712999820709229;0.0,0.0,0.0;0.0;-0.6997510194778442,-0.7143359780311584,-0.0036180000752210617;0.0
-0.7119206786155701,-0.4309850335121155,-9.691862106323242;0.0;0.15240000188350677,-0.054499998688697815,-9.805299758911133;-0.002024581888690591,-8.726646192371845E-4,-3.316125657875091E-4;-0.7505999803543091,-0.0139999995008111,0.38109999895095825;0.0,0.0,0.0;0.0;-0.6997320055961609,-0.7143570184707642,-0.003452999982982874;0.0
-0.7116045951843262,-0.6087401509284973,-9.861037254333496;0.0;0.15369999408721924,-0.054099999368190765,-9.80519962310791;-0.004642575979232788,-0.011554080061614513,-0.005113814491778612;-0.8695999979972839,-0.29889997839927673,0.13589999079704285;0.0,0.0,0.0;0.0;-0.6998230218887329,-0.7142670154571533,-0.003513999981805682;0.0
-0.0758291557431221,-0.8535616397857666,-10.330989837646484;0.0;0.15129999816417694,-0.05260000005364418,-9.805299758911133;-0.0018151424592360854,-0.00808087456971407,-0.004502949304878712;-0.5336999893188477,-0.8298999667167664,-0.44259998202323914;0.0,0.0,0.0;0.0;-0.6998389959335327,-0.7142530083656311,-0.0034829999785870314;0.0
0.7326353192329407,-0.3761386573314667,-10.15964126586914;0.0;0.14989998936653137,-0.052400000393390656,-9.805299758911133;0.0010646508308127522,0.005672320257872343,-6.457717972807586E-4;0.09519999474287033,-0.6732000112533569,-0.5503999590873718;0.0,0.0,0.0;0.0;-0.6998540163040161,-0.7142390012741089,-0.003441999899223447;0.0
1.0328395366668701,0.27661648392677307,-9.627573013305664;0.0;0.14729999005794525,-0.051899999380111694,-9.805399894714355;-9.773843921720982E-4,-2.617993741296232E-4,0.0026179938577115536;0.7155999541282654,-0.11469999700784683,-0.23659999668598175;0.0,0.0,0.0;0.0;-0.6999940276145935,-0.7141029834747314,-0.003370000049471855;0.0
0.77883380651474,0.6803363561630249,-9.142518043518066;0.0;0.14710000157356262,-0.050999999046325684,-9.805399894714355;0.0024434609804302454,0.0041015236638486385,0.0015707963611930609;0.8531000018119812,0.5119999647140503,0.4007999897003174;0.0,0.0,0.0;0.0;-0.7000060081481934,-0.7140920162200928,-0.0033919999841600657;0.0
0.013713987544178963,0.5124261975288391,-9.067023277282715;0.0;0.14659999310970306,-0.04969999939203262,-9.805399894714355;-0.0018151424592360854,-0.001029744278639555,-5.061454721726477E-4;0.314300000667572,0.7263999581336975,0.7734999656677246;0.0,0.0,0.0;0.0;-0.7000269889831543,-0.7140719890594482,-0.003418999956920743;0.0
-0.6310541033744812,-0.14967592060565948,-9.530991554260254;0.0;0.14669999480247498,-0.049300000071525574,-9.805399894714355;-0.00188495556358248,-0.004694935865700245,-0.0018151424592360854;-0.45069998502731323,0.3337000012397766,0.5968999862670898;0.0,0.0,0.0;0.0;-0.7000600099563599,-0.7140399813652039,-0.003441999899223447;0.0
-0.6408416032791138,-0.7416661977767944,-10.094069480895996;0.0;0.147599995136261,-0.04989999905228615,-9.805399894714355;-0.0013264502631500363,0.001117010717280209,0.0011519172694534063;-0.873199999332428,-0.42069998383522034,-0.03059999831020832;0.0,0.0,0.0;0.0;-0.7001910209655762,-0.7139099836349487,-0.003450999967753887;0.0
-0.007738059852272272,-0.8483422994613647,-10.382925033569336;0.0;0.142099991440773,-0.04749999940395355,-9.805500030517578;-0.007661995477974415,-0.018936822190880775,-0.00890117883682251;-0.5735999941825867,-0.8154000043869019,-0.4423999786376953;0.0,0.0,0.0;0.0;-0.7001810073852539,-0.7139229774475098,-0.0033420000690966845;0.0
0.05077622830867767,-0.8204067349433899,-10.380962371826172;0.0;0.15230000019073486,-0.04739999771118164,-9.805299758911133;-0.002775073517113924,0.004136430099606514,0.0016057029133662581;-0.6597999930381775,-0.7870000004768372,-0.3935000002384186;0.0,0.0,0.0;0.0;-0.7002559900283813,-0.7138460278511047,-0.0036589999217540026;0.0
-0.009816226549446583,-0.8405371904373169,-10.361205101013184;0.0;0.148499995470047,-0.044999998062849045,-9.805399894714355;-0.004450589418411255,-0.004869468510150909,-0.0034732052590698004;-0.6583999991416931,-0.7785999774932861,-0.37379997968673706;0.0,0.0,0.0;0.0;-0.7002660036087036,-0.7138379812240601,-0.0036609999369829893;0.0
0.6117663979530334,-0.4847683608531952,-10.262046813964844;0.0;0.1436000019311905,-0.042799998074769974,-9.805500030517578;6.806784076616168E-4,0.003979350905865431,3.665191470645368E-4;0.25839999318122864,-0.574999988079071,-0.5306999683380127;0.0,0.0,0.0;0.0;-0.7002450227737427,-0.7138609886169434,-0.003570999950170517;0.0
1.012239694595337,0.4488266408443451,-9.468866348266602;0.0;0.14829999208450317,-0.04349999874830246,-9.805399894714355;0.003351032268255949,0.009634217247366905,0.0038397242315113544;0.8518999814987183,0.4749999940395355,0.36159998178482056;0.0,0.0,0.0;0.0;-0.7003070116043091,-0.7137979865074158,-0.003713000100106001;0.0
0.6625809073448181,0.7044411897659302,-9.0830078125;0.0;0.15230000019073486,-0.045899998396635056,-9.805299758911133;0.002827433403581381,0.004502949304878712,0.001518436474725604;-0.0835999995470047,0.5755000114440918,0.7635999917984009;0.0,0.0,0.0;0.0;-0.7004730105400085,-0.7136319875717163,-0.003766000038012862;0.0
-0.5216487050056458,0.03584598749876022,-9.405353546142578;0.0;0.15359999239444733,-0.04529999941587448,-9.805299758911133;-0.0017278759041801095,-8.203047327697277E-4,-9.075712296180427E-4;-0.8596999645233154,-0.47439998388290405,-0.030700000002980232;0.0,0.0,0.0;0.0;-0.7005320191383362,-0.7135729789733887,-0.0038389998953789473;0.0
-0.44252508878707886,-0.8779633045196533,-10.222197532653809;0.0;0.15199999511241913,-0.04659999907016754,-9.805299758911133;-0.0032463124953210354,-0.007627088576555252,-0.0037350046914070845;-0.02449999935925007,-0.7279999852180481,-0.5307999849319458;0.0,0.0,0.0;0.0;-0.7006019949913025,-0.7135049700737,-0.0037350000347942114;0.0
