0.0
calibration_0008.txt
0.14332649111747742,-0.09933064132928848,-9.6622314453125;0.0;0.1485999971628189,-0.02579999901354313,-9.805399894714355;-0.0010821041651070118,-1.0471975838299841E-4,-1.0471975838299841E-4;-0.001500000013038516,-0.05249999836087227,0.1655000001192093;0.0,0.0,0.0;0.0;-0.648701012134552,-0.7610039710998535,-0.0039090001955628395;0.0
1.651501178741455,-0.4628949463367462,-9.903576850891113;0.0;0.14819999039173126,-0.023099999874830246,-9.805500030517578;-0.004450589418411255,-0.01286307629197836,-0.0026354470755904913;1.852199912071228,-0.5259999632835388,-0.040300000458955765;0.0,0.0,0.0;0.0;-0.6489390134811401,-0.7608010172843933,-0.004009999800473452;0.0
-0.9155619144439697,0.19556798040866852,-9.41617488861084;0.0;0.1517999917268753,-0.023099999874830246,-9.805399894714355;8.552113431505859E-4,0.0019373154500499368,0.009354964829981327;-2.446499824523926,0.336899995803833,0.20469999313354492;0.0,0.0,0.0;0.0;-0.6492810249328613,-0.7605069875717163,-0.004129000008106232;0.0
2.561326742172241,-0.5220125913619995,-9.67423152923584;0.0;0.14869999885559082,-0.021699998527765274,-9.805399894714355;-7.15585018042475E-4,9.075712296180427E-4,0.007103490177541971;1.9693999290466309,-0.3312000036239624,0.2831999957561493;0.0,0.0,0.0;0.0;-0.6495550274848938,-0.7602750062942505,-0.004083000123500824;0.0
-2.2822582721710205,0.3379655182361603,-9.510793685913086;0.0;0.14810000360012054,-0.020999999716877937,-9.805500030517578;-0.0021293016616255045,0.00125663704238832,-0.008866272866725922;-1.3738999366760254,0.1680999994277954,-0.030499998480081558;0.0,0.0,0.0;0.0;-0.6490479707717896,-0.7607089877128601,-0.004083000123500824;0.0
2.6026504039764404,-0.5414726734161377,-9.66561222076416;0.0;0.149399995803833,-0.018199998885393143,-9.805399894714355;-0.003298672381788492,-0.0016406094655394554,0.00769690191373229;0.615399956703186,-0.09939999878406525,0.4008999764919281;0.0,0.0,0.0;0.0;-0.6495749950408936,-0.7602580189704895,-0.004244000185281038;0.0
-2.257042646408081,0.37121617794036865,-9.645194053649902;0.0;0.14959999918937683,-0.01850000023841858,-9.805399894714355;-0.001029744278639555,2.4434609804302454E-4,-0.010489428415894508;-0.5615000128746033,-0.02070000022649765,-0.05009999871253967;0.0,0.0,0.0;0.0;-0.6489999890327454,-0.7607489824295044,-0.0042329998686909676;0.0
1.442046880722046,-0.2713492512702942,-9.44299030303955;0.0;0.15330000221729279,-0.017400000244379044,-9.805399894714355;-0.0013613568153232336,6.108652451075613E-4,0.008848818950355053;0.37619999051094055,-0.011899999342858791,0.4203999936580658;0.0,0.0,0.0;0.0;-0.6493350267410278,-0.7604609727859497,-0.004399999976158142;0.0
-2.1889994144439697,0.33020830154418945,-9.658783912658691;0.0;0.14090000092983246,-0.015199999324977398,-9.8056001663208;0.003508111694827676,-0.0031066860537976027,-0.011100294068455696;0.2021999955177307,-0.11219999939203262,-0.08919999748468399;0.0,0.0,0.0;0.0;-0.6491379737854004,-0.7606359720230103,-0.004075000062584877;0.0
1.7107433080673218,-0.2708512544631958,-9.428481101989746;0.0;0.1428999900817871,-0.014399999752640724,-9.805500030517578;1.9198621157556772E-4,0.00125663704238832,-0.006126105785369873;-1.250999927520752,0.1712999939918518,0.4205999970436096;0.0,0.0,0.0;0.0;-0.6491990089416504,-0.7605819702148438,-0.004170000087469816;0.0
-1.4649162292480469,0.23110750317573547,-9.78374195098877;0.0;0.13359999656677246,-0.013799999840557575,-9.805699348449707;4.7123889089562E-4,-7.504915702156723E-4,0.0031939526088535786;1.3078999519348145,-0.3684999942779541,-0.059699997305870056;0.0,0.0,0.0;0.0;-0.6488789916038513,-0.760860025882721,-0.0038819999899715185;0.0
-1.1658517122268677,0.17377115786075592,-9.426929473876953;0.0;0.14019998908042908,-0.01269999984651804,-9.8056001663208;-0.0016406094655394554,0.0032463124953210354,-0.004886921960860491;-0.4834999740123749,0.09109999984502792,0.4009999930858612;0.0,0.0,0.0;0.0;-0.6486889719963074,-0.7610179781913757,-0.004145999904721975;0.0
0.4938759207725525,-0.1972534954547882,-9.901939392089844;0.0;0.13679999113082886,-0.012299999594688416,-9.8056001663208;6.981316983001307E-5,-0.005218534264713526,-0.020647244527935982;1.4811999797821045,-0.4092999994754791,-0.0989999994635582;0.0,0.0,0.0;0.0;-0.6481689810752869,-0.76146399974823,-0.004056999925523996;0.0
-1.3306207656860352,0.24012885987758636,-9.456005096435547;0.0;0.14259999990463257,-0.011899999342858791,-9.8056001663208;5.585053586401045E-4,0.0019373154500499368,0.015009831637144089;-2.5451998710632324,0.3845999836921692,0.2538999915122986;0.0,0.0,0.0;0.0;-0.6482560038566589,-0.761385977268219,-0.004249999765306711;0.0
2.2052032947540283,-0.5497182607650757,-9.852302551269531;0.0;0.13660000264644623,-0.00930000003427267,-9.8056001663208;2.2689280740451068E-4,-0.0028623400721699,-0.00205948855727911;2.481600046157837,-0.5299000144004822,0.19509999454021454;0.0,0.0,0.0;0.0;-0.6485480070114136,-0.7611410021781921,-0.004155999980866909;0.0
-1.5184218883514404,0.21997924149036407,-9.808794975280762;0.0;0.14000000059604645,-0.008299999870359898,-9.8056001663208;5.061454721726477E-4,0.003176499158143997,-0.0023387412074953318;-1.2971999645233154,0.18479999899864197,-0.04999999701976776;0.0,0.0,0.0;0.0;-0.6480069756507874,-0.7616000175476074,-0.004302999936044216;0.0
2.569246530532837,-0.5434646606445312,-9.596334457397461;0.0;0.14059999585151672,-0.006599999964237213,-9.8056001663208;-0.0010471974965184927,-1.7453292093705386E-4,0.01869247667491436;-0.8466999530792236,0.08500000089406967,0.3617999851703644;0.0,0.0,0.0;0.0;-0.6488540172576904,-0.7608780264854431,-0.004395999945700169;0.0
-1.5170236825942993,0.24648785591125488,-9.836012840270996;0.0;0.13910000026226044,-0.006399999838322401,-9.8056001663208;0.0034208453726023436,0.006003932561725378,-0.0074525559321045876;1.8809999227523804,-0.4739999771118164,-0.04019999876618385;0.0,0.0,0.0;0.0;-0.6486290097236633,-0.7610710263252258,-0.004350000061094761;0.0
1.0442358255386353,-0.21890664100646973,-9.460467338562012;0.0;0.1444000005722046,-0.004799999762326479,-9.805500030517578;-0.0012915435945615172,6.632251315750182E-4,0.004310963209718466;-2.321499824523926,0.3773999810218811,0.2538999915122986;0.0,0.0,0.0;0.0;-0.6487990021705627,-0.7609239816665649,-0.00459099980071187;0.0
1.8945988416671753,-0.47692498564720154,-9.882316589355469;0.0;0.13979999721050262,-0.002099999925121665,-9.8056001663208;-0.0016057029133662581,-0.0015707963611930609,-0.0015707963611930609;2.48829984664917,-0.6057999730110168,0.11659999936819077;0.0,0.0,0.0;0.0;-0.6488860249519348,-0.7608519792556763,-0.004540999885648489;0.0
-0.3031059205532074,0.08917922526597977,-9.442817687988281;0.0;0.1459999978542328,-0.003399999812245369,-9.805500030517578;-7.504915702156723E-4,0.00188495556358248,-0.001343903481028974;-2.5486998558044434,0.37610000371932983,0.1753999888896942;0.0,0.0,0.0;0.0;-0.6485779881477356,-0.7611110210418701,-0.004695000126957893;0.0
1.519513726234436,-0.4043519198894501,-9.907791137695312;0.0;0.14499999582767487,-0.0015999999595806003,-9.805500030517578;8.552113431505859E-4,0.004153883550316095,0.005044001620262861;2.120300054550171,-0.41999998688697815,0.28329998254776;0.0,0.0,0.0;0.0;-0.6485090255737305,-0.761169970035553,-0.004730000160634518;0.0
-2.0255043506622314,0.3264829218387604,-9.50480842590332;0.0;0.13920000195503235,0.0013000000035390258,-9.8056001663208;-0.002600540639832616,-6.981316983001307E-5,0.0011693706037476659;-1.3945000171661377,0.1946999877691269,-0.020600000396370888;0.0,0.0,0.0;0.0;-0.6483410000801086,-0.7613160014152527,-0.004654999822378159;0.0
2.3998615741729736,-0.4904569983482361,-9.565563201904297;0.0;0.1403999924659729,0.003399999812245369,-9.8056001663208;-0.0015009831404313445,0.0021293016616255045,-0.002286381321027875;-0.07180000096559525,-0.023000000044703484,0.3716000020503998;0.0,0.0,0.0;0.0;-0.6485080122947693,-0.7611730098724365,-0.004778000060468912;0.0
-2.0372262001037598,0.3666384518146515,-9.533576965332031;0.0;0.13109999895095825,0.003999999724328518,-9.805699348449707;1.0471975838299841E-4,0.003281218931078911,-0.020472712814807892;-1.2687000036239624,0.1136000007390976,-0.010599999688565731;0.0,0.0,0.0;0.0;-0.648294985294342,-0.7613589763641357,-0.0044929999858140945;0.0
0.6207494735717773,-0.21368728578090668,-9.937785148620605;0.0;0.12389999628067017,0.0058999997563660145,-9.80579948425293;5.759586347267032E-4,-0.004625122528523207,-0.006195918656885624;2.2196998596191406,-0.5648999810218811,-0.010499999858438969;0.0,0.0,0.0;0.0;-0.6486240029335022,-0.7610819935798645,-0.0043310001492500305;0.0
2.027764320373535,-0.4299699068069458,-9.517353057861328;0.0;0.13449999690055847,0.006799999624490738,-9.805699348449707;-0.0034382985904812813,9.250245057046413E-4,0.0161268413066864;0.571399986743927,-0.06560000032186508,0.3520999848842621;0.0,0.0,0.0;0.0;-0.6496139764785767,-0.7602319717407227,-0.00472299987450242;0.0
-2.3824892044067383,0.3706798851490021,-9.65548038482666;0.0;0.1371999979019165,0.00699999975040555,-9.8056001663208;-7.853981805965304E-4,0.004241149872541428,-0.012636183761060238;-2.4515998363494873,0.39499998092651367,0.1559000015258789;0.0,0.0,0.0;0.0;-0.6482620239257812,-0.7613840103149414,-0.004807000048458576;0.0
-0.6347699165344238,0.02147120051085949,-9.889479637145996;0.0;0.13580000400543213,0.007699999958276749,-9.805699348449707;-8.552113431505859E-4,-0.003630284918472171,-0.01242674421519041;0.7565000057220459,-0.3116999864578247,-0.14800000190734863;0.0,0.0,0.0;0.0;-0.6480280160903931,-0.7615839838981628,-0.004788000136613846;0.0
1.4067564010620117,-0.39426755905151367,-9.925086975097656;0.0;0.1331000030040741,0.010799999348819256,-9.805699348449707;-0.002234021434560418,-0.0024434609804302454,0.016720253974199295;2.1713998317718506,-0.5011999607086182,0.2441999912261963;0.0,0.0,0.0;0.0;-0.6494730114936829,-0.7603529691696167,-0.00482900021597743;0.0
2.2064197063446045,-0.38857895135879517,-9.541630744934082;0.0;0.13859999179840088,0.009999999776482582,-9.8056001663208;0.0018500490114092827,0.007941247895359993,0.00905825849622488;-0.8446999788284302,0.11739999800920486,0.3617999851703644;0.0,0.0,0.0;0.0;-0.6496620178222656,-0.7601900100708008,-0.004982000216841698;0.0
-2.3679709434509277,0.4305923879146576,-9.645740509033203;0.0;0.1348000019788742,0.009399999864399433,-9.805699348449707;-8.377580670639873E-4,-0.0017627825727686286,-0.009285151958465576;-1.3899999856948853,0.11800000071525574,-0.030299998819828033;0.0,0.0,0.0;0.0;-0.6489769816398621,-0.7607759833335876,-0.004827000200748444;0.0
1.7023828029632568,-0.4292420744895935,-9.922883987426758;0.0;0.14259999990463257,0.009499999694526196,-9.8056001663208;-3.665191470645368E-4,0.0020420351065695286,0.006387905217707157;1.691100001335144,-0.33319997787475586,0.32249999046325684;0.0,0.0,0.0;0.0;-0.6496639847755432,-0.7601850032806396,-0.005096999928355217;0.0
-0.7904505133628845,0.1398022323846817,-9.4700927734375;0.0;0.1460999995470047,0.009399999864399433,-9.805500030517578;0.0010646508308127522,0.008098327554762363,-0.003944444004446268;-2.1466000080108643,0.37289997935295105,0.038100000470876694;0.0,0.0,0.0;0.0;-0.6491259932518005,-0.7606430053710938,-0.005197999998927116;0.0
0.37094801664352417,-0.16476896405220032,-9.931042671203613;0.0;0.14499999582767487,0.011799999512732029,-9.805500030517578;-3.8397242315113544E-4,7.679448463022709E-4,0.002251474652439356;2.0613999366760254,-0.47269999980926514,0.2635999917984009;0.0,0.0,0.0;0.0;-0.6497030258178711,-0.7601509690284729,-0.005264999810606241;0.0
-0.8866112232208252,0.22719058394432068,-9.476365089416504;0.0;0.15709999203681946,0.009399999864399433,-9.805299758911133;-3.665191470645368E-4,0.0012391837080940604,3.1415926059708E-4;-2.6087000370025635,0.39259999990463257,0.21439999341964722;0.0,0.0,0.0;0.0;-0.6497989892959595,-0.7600629925727844,-0.005570000037550926;0.0
-1.4480515718460083,0.26788243651390076,-9.845550537109375;0.0;0.15529999136924744,0.010300000198185444,-9.805399894714355;0.0017627825727686286,0.003228859044611454,-0.005619960371404886;2.50219988822937,-0.6182999610900879,0.03790000081062317;0.0,0.0,0.0;0.0;-0.6498379707336426,-0.7600299715995789,-0.005547000095248222;0.0
2.2235429286956787,-0.4661223590373993,-9.551351547241211;0.0;0.15489999949932098,0.011799999512732029,-9.805399894714355;-9.250245057046413E-4,-0.004363323096185923,-0.0057246801443398;-2.047600030899048,0.36069998145103455,0.2732999920845032;0.0,0.0,0.0;0.0;-0.6496599912643433,-0.7601829767227173,-0.00559200020506978;0.0
-2.3810718059539795,0.40472543239593506,-9.677727699279785;0.0;0.1469999998807907,0.01249999925494194,-9.805500030517578;0.0023038345389068127,0.0025307273026555777,0.0022689281031489372;1.4611999988555908,-0.4341999888420105,-0.09910000115633011;0.0,0.0,0.0;0.0;-0.6493970155715942,-0.7604110240936279,-0.005355999805033207;0.0
2.5098893642425537,-0.497065007686615,-9.585158348083496;0.0;0.14970000088214874,0.016300000250339508,-9.805399894714355;-0.005445427261292934,-0.006544984877109528,0.010873401537537575;1.9291999340057373,-0.41839998960494995,0.3125999867916107;0.0,0.0,0.0;0.0;-0.6506720185279846,-0.759319007396698,-0.00559999980032444;0.0
-0.5984737873077393,0.18333838880062103,-9.458772659301758;0.0;0.15879999101161957,0.0139999995008111,-9.805299758911133;-5.934119690209627E-4,0.005427973810583353,0.0031590459402650595;-2.4338998794555664,0.3781999945640564,0.3125;0.0,0.0,0.0;0.0;-0.6497989892959595,-0.7600610256195068,-0.005807000212371349;0.0
-1.5841953754425049,0.2898707985877991,-9.800569534301758;0.0;0.1533999890089035,0.013799999840557575,-9.805399894714355;0.004468042869120836,0.00617846567183733,-0.022532200440764427;0.6800000071525574,-0.29819998145103455,-0.05999999865889549;0.0,0.0,0.0;0.0;-0.6490709781646729,-0.7606859803199768,-0.005617999937385321;0.0
2.649662971496582,-0.6297804117202759,-9.735255241394043;0.0;0.15860000252723694,0.016599999740719795,-9.805299758911133;-0.0042236968874931335,-0.004380776546895504,0.015498523600399494;1.694700002670288,-0.3107999861240387,0.36149999499320984;0.0,0.0,0.0;0.0;-0.6504629850387573,-0.7594929933547974,-0.005907000042498112;0.0
-2.427605628967285,0.3938557505607605,-9.546266555786133;0.0;0.1631999909877777,0.017500000074505806,-9.80519962310791;4.886921960860491E-4,-0.003752457909286022,-0.014887658879160881;-2.506999969482422,0.4041000008583069,0.18490000069141388;0.0,0.0,0.0;0.0;-0.649420976638794,-0.7603819966316223,-0.006085999775677919;0.0
-1.384107232093811,0.1859336942434311,-9.81540298461914;0.0;0.1680999994277954,0.017799999564886093,-9.805099487304688;4.1887903353199363E-4,0.003054326167330146,0.004310963209718466;2.4403998851776123,-0.6650999784469604,0.07689999788999557;0.0,0.0,0.0;0.0;-0.6493099927902222,-0.7604740262031555,-0.006260999944061041;0.0
2.4591898918151855,-0.5025429129600525,-9.55778694152832;0.0;0.17419999837875366,0.016899999231100082,-9.804999351501465;2.0943951676599681E-4,0.004450589418411255,-0.009337511844933033;-1.909999966621399,0.30660000443458557,0.3416000008583069;0.0,0.0,0.0;0.0;-0.6492689847946167,-0.7605059742927551,-0.006426999811083078;0.0
-2.1030571460723877,0.398337721824646,-9.554903984069824;0.0;0.17289999127388,0.01589999906718731,-9.805099487304688;-0.0023561944253742695,9.250245057046413E-4,0.006963863503187895;0.21930000185966492,-0.1923999935388565,-0.09959999471902847;0.0,0.0,0.0;0.0;-0.6489530205726624,-0.7607759833335876,-0.006341000087559223;0.0
2.598522901535034,-0.6357371807098389,-9.7642822265625;0.0;0.179299995303154,0.016300000250339508,-9.804900169372559;-5.061454721726477E-4,0.002373647876083851,-0.002234021434560418;1.4484999179840088,-0.27129998803138733,0.3610999882221222;0.0,0.0,0.0;0.0;-0.6495500206947327,-0.7602630257606506,-0.006570999976247549;0.0
1.1494275331497192,-0.21144631505012512,-9.426239967346191;0.0;0.1850000023841858,0.018400000408291817,-9.804800033569336;0.002373647876083851,0.0038746309000998735,-0.004886921960860491;-2.567999839782715,0.4129999876022339,0.20409999787807465;0.0,0.0,0.0;0.0;-0.6489359736442566,-0.7607830166816711,-0.006835999898612499;0.0
-2.2576842308044434,0.3566594123840332,-9.663256645202637;0.0;0.1816999912261963,0.01939999870955944,-9.804900169372559;-8.552113431505859E-4,0.004433136433362961,-0.004363323096185923;1.8384000062942505,-0.5685999989509583,-0.031099999323487282;0.0,0.0,0.0;0.0;-0.6489650011062622,-0.760761022567749,-0.006771000102162361;0.0
