173.0
calibration_0005.txt
0.20492450892925262,-0.021480778232216835,-9.672603607177734;0.0;0.33169999718666077,0.30649998784065247,-9.796199798583984;-0.003403391921892762,2.2689280740451068E-4,-0.0017627825727686286;-0.1356000006198883,-0.31630000472068787,0.11699999868869781;0.0,0.0,0.0;0.0;0.7426999807357788,0.6692270040512085,0.02303300052881241;0.0
-0.13156618177890778,-0.31468430161476135,-9.450920104980469;0.0;0.33730000257492065,0.30709999799728394,-9.795999526977539;-1.9198621157556772E-4,0.007749261800199747,-0.0031066860537976027;-0.33730000257492065,-0.6208999752998352,0.42080000042915344;0.0,0.0,0.0;0.0;0.7426310181617737,0.6692950129508972,0.02326500043272972;0.0
0.36044228076934814,0.0038115691859275103,-9.458427429199219;0.0;0.33869999647140503,0.3100999891757965,-9.79580020904541;-0.003752457909286022,0.002775073517113924,0.0;-0.4465999901294708,-0.515999972820282,-0.04010000079870224;0.0,0.0,0.0;0.0;0.7421489953994751,0.66982501745224,0.0234219990670681;0.0
-0.14056837558746338,-0.4377366900444031,-9.51560115814209;0.0;0.3418000042438507,0.3125,-9.795700073242188;-2.9670598451048136E-4,0.007592182140797377,-0.002949606394395232;0.11909999698400497,0.010999999940395355,-0.0892999991774559;0.0,0.0,0.0;0.0;0.7415819764137268,0.6704450249671936,0.023622000589966774;0.0
0.06854120641946793,-0.025206156075000763,-9.900732040405273;0.0;0.34389999508857727,0.31630000472068787,-9.795499801635742;-0.0041015236638486385,0.0025830871891230345,-0.0010646508308127522;0.04820000007748604,-0.29670000076293945,0.3418000042438507;0.0,0.0,0.0;0.0;0.7410010099411011,0.6710799932479858,0.02383499965071678;0.0
0.4815218448638916,0.10962571203708649,-9.503889083862305;0.0;0.3464999794960022,0.31859999895095825,-9.795299530029297;-0.0031241392716765404,0.0029845130629837513,-8.726646192371845E-4;-0.3955000042915344,-0.4950999915599823,-0.030899999663233757;0.0,0.0,0.0;0.0;0.7405099868774414,0.6716160178184509,0.02400900050997734;0.0
-0.10070012509822845,-0.19627664983272552,-9.840666770935059;0.0;0.35029998421669006,0.32089999318122864,-9.795100212097168;-0.0023561944253742695,0.0031590459402650595,-0.0024434609804302454;0.15959998965263367,0.022199999541044235,-0.09969999641180038;0.0,0.0,0.0;0.0;0.7399749755859375,0.6721969842910767,0.024229999631643295;0.0
0.3905421793460846,0.008274360559880733,-9.448419570922852;0.0;0.351500004529953,0.32510000467300415,-9.794899940490723;-0.004852015525102615,0.0017627825727686286,-5.585053586401045E-4;-0.5378000140190125,-0.7468000054359436,0.2824999988079071;0.0,0.0,0.0;0.0;0.7394739985466003,0.6727409958839417,0.024421000853180885;0.0
0.08986875414848328,-0.025158271193504333,-9.919493675231934;0.0;0.35679998993873596,0.3263999819755554,-9.794699668884277;-0.002687806962057948,0.0029845130629837513,-0.0024260077625513077;0.24129998683929443,0.06579999625682831,-0.011899999342858791;0.0,0.0,0.0;0.0;0.7389469742774963,0.6733109951019287,0.024664999917149544;0.0
0.3045424520969391,-0.0401747040450573,-9.402939796447754;0.0;0.358599990606308,0.3292999863624573,-9.794499397277832;-0.0035604715812951326,0.003001966280862689,-5.410520825535059E-4;-0.5546999573707581,-0.7508999705314636,0.2624000012874603;0.0,0.0,0.0;0.0;0.738493025302887,0.6738029718399048,0.024831999093294144;0.0
0.13160447776317596,0.04443638399243355,-9.939164161682129;0.0;0.3633999824523926,0.3301999866962433,-9.794300079345703;-0.00663225119933486,0.004310963209718466,-4.0142572834156454E-4;0.25429999828338623,0.022699998691678047,0.04649999737739563;0.0,0.0,0.0;0.0;-0.7380359768867493,-0.6742950081825256,-0.025047000497579575;0.0
-0.061224523931741714,-0.36173513531684875,-9.421844482421875;0.0;0.3682999908924103,0.33059999346733093,-9.794099807739258;0.0031939526088535786,0.011536626145243645,-0.0015707963611930609;-0.3780999779701233,-0.45809999108314514,-0.05169999971985817;0.0,0.0,0.0;0.0;-0.7376149892807007,-0.6747490167617798,-0.02524299919605255;0.0
0.5935226082801819,0.270353227853775,-9.644936561584473;0.0;0.37129998207092285,0.33329999446868896,-9.793899536132812;-0.005427973810583353,-2.0943951676599681E-4,-0.0021118484437465668;-0.47909998893737793,-0.7353999614715576,0.37950000166893005;0.0,0.0,0.0;0.0;-0.7371619939804077,-0.6752349734306335,-0.02544800005853176;0.0
0.3586418330669403,0.2316725254058838,-9.963144302368164;0.0;0.3741999864578247,0.33629998564720154,-9.793700218200684;-0.00609119888395071,0.0034382985904812813,-0.001518436474725604;0.09640000015497208,-0.19900000095367432,0.26159998774528503;0.0,0.0,0.0;0.0;-0.7366669774055481,-0.6757670044898987,-0.025661999359726906;0.0
-0.16639702022075653,-0.2935865819454193,-9.726109504699707;0.0;0.3734999895095825,0.3409999907016754,-9.793499946594238;-0.0040317103266716,7.330382941290736E-4,-0.0013089969288557768;0.22459998726844788,-0.01730000041425228,0.09479999542236328;0.0,0.0,0.0;0.0;-0.7362080216407776,-0.6762629747390747,-0.02579599991440773;0.0
-0.19155527651309967,-0.35415032505989075,-9.657203674316406;0.0;0.3750999867916107,0.34389999508857727,-9.793399810791016;-0.002775073517113924,0.0017627825727686286,-0.004502949304878712;0.15439999103546143,0.028599999845027924,-0.1111999973654747;0.0,0.0,0.0;0.0;-0.7357649803161621,-0.6767380237579346,-0.025957999750971794;0.0
-0.11099519580602646,-0.384211927652359,-9.416682243347168;0.0;0.37379997968673706,0.3481999933719635,-9.793299674987793;-2.0943951676599681E-4,0.005201081279665232,-0.0031590459402650595;-0.5694000124931335,-0.7313999533653259,0.19259999692440033;0.0,0.0,0.0;0.0;0.7352169752120972,0.6773290038108826,0.02606300078332424;0.0
0.3373813033103943,-0.046935927122831345,-9.443938255310059;0.0;0.37529999017715454,0.35269999504089355,-9.793099403381348;-0.003752457909286022,-7.330382941290736E-4,-7.679448463022709E-4;-0.5419999957084656,-0.7057999968528748,0.13349999487400055;0.0,0.0,0.0;0.0;0.7347840070724487,0.6777920126914978,0.026270000264048576;0.0
0.5995177030563354,0.3997742235660553,-9.84143352508545;0.0;0.375900000333786,0.3555999994277954,-9.792900085449219;-0.006702064536511898,-0.008761553093791008,-5.2359879191499203E-5;0.23199999332427979,-0.04179999977350235,0.07449999451637268;0.0,0.0,0.0;0.0;0.7342789769172668,0.6783329844474792,0.026391999796032906;0.0
-0.05334281548857689,-0.18271589279174805,-9.810154914855957;0.0;0.3766999840736389,0.3578999936580658,-9.792799949645996;-0.00251327408477664,5.061454721726477E-4,-0.003944444004446268;-0.15109999477863312,-0.2401999980211258,-0.1509999930858612;0.0,0.0,0.0;0.0;0.7338950037956238,0.6787449717521667,0.026500999927520752;0.0
-0.18833747506141663,-0.40320274233818054,-9.527753829956055;0.0;0.3805999755859375,0.3586999773979187,-9.79259967803955;-0.002024581888690591,0.002321287989616394,-0.0013788101496174932;-0.45909997820854187,-0.5647000074386597,0.025200000032782555;0.0,0.0,0.0;0.0;0.7334780097007751,0.6791880130767822,0.02667899988591671;0.0
-0.018052279949188232,-0.3343263268470764,-9.387290954589844;0.0;0.38019999861717224,0.3634999990463257,-9.792499542236328;-0.002827433403581381,0.0016231562476605177,-0.0011344640515744686;-0.5762999653816223,-0.7655999660491943,0.2800000011920929;0.0,0.0,0.0;0.0;0.7330300211906433,0.6796659827232361,0.026830000802874565;0.0
0.41165903210639954,0.052145712077617645,-9.496964454650879;0.0;0.38259997963905334,0.3666999936103821,-9.7923002243042;-0.0032463124953210354,0.0024958208668977022,6.981316983001307E-5;-0.3139999806880951,-0.6216999888420105,0.4465000033378601;0.0,0.0,0.0;0.0;0.7325940132141113,0.6801279783248901,0.027031999081373215;0.0
0.5997666716575623,0.34197819232940674,-9.756515502929688;0.0;0.382999986410141,0.3685999810695648,-9.792200088500977;-0.0024085543118417263,0.002600540639832616,6.2831852119416E-4;-0.010300000198185444,-0.3685999810695648,0.3385999798774719;0.0,0.0,0.0;0.0;0.7321969866752625,0.6805520057678223,0.027110999450087547;0.0
0.5689102411270142,0.3803907632827759,-9.883647918701172;0.0;0.38499999046325684,0.3700999915599823,-9.791999816894531;-0.0028797932900488377,-0.004188789986073971,-0.0016231562476605177;0.11499999463558197,-0.22299998998641968,0.2207999974489212;0.0,0.0,0.0;0.0;0.7317829728126526,0.6809920072555542,0.0272390004247427;0.0
0.47680047154426575,0.3325258791446686,-9.9490385055542;0.0;0.384799987077713,0.37289997935295105,-9.791899681091309;-0.003054326167330146,0.0014137167017906904,-0.00143117003608495;0.18389999866485596,-0.10809999704360962,0.09319999814033508;0.0,0.0,0.0;0.0;0.7314249873161316,0.6813730001449585,0.02732899971306324;0.0
0.40685147047042847,0.27236437797546387,-9.967578887939453;0.0;0.3893999755382538,0.37469998002052307,-9.791699409484863;-0.002600540639832616,0.00411897711455822,-0.0016057029133662581;0.1988999992609024,-0.03150000050663948,0.004699999932199717;0.0,0.0,0.0;0.0;0.7309949994087219,0.6818249821662903,0.027564000338315964;0.0
0.24295401573181152,0.15244360268115997,-9.971783638000488;0.0;0.38920000195503235,0.37849998474121094,-9.791600227355957;-0.007976154796779156,-0.006527531426399946,-3.316125657875091E-4;-0.1832999885082245,-0.28039997816085815,-0.14249999821186066;0.0,0.0,0.0;0.0;0.7305439710617065,0.6823030114173889,0.027689000591635704;0.0
0.057690683752298355,-0.050891149789094925,-9.885390281677246;0.0;0.38830000162124634,0.38199999928474426,-9.791500091552734;-0.006457718089222908,0.002740166848525405,-9.599310578778386E-4;-0.38830000162124634,-0.48009997606277466,-0.034699998795986176;0.0,0.0,0.0;0.0;0.7301070094108582,0.6827660202980042,0.027778999879956245;0.0
0.20747193694114685,0.11609005182981491,-9.933744430541992;0.0;0.3877999782562256,0.3856000006198883,-9.791299819946289;-0.006684611085802317,-0.0023561944253742695,-0.0031590459402650595;-0.32889997959136963,-0.3856000006198883,-0.11329999566078186;0.0,0.0,0.0;0.0;0.7297490239143372,0.6831439733505249,0.02788499929010868;0.0
0.024516625329852104,-0.0646817535161972,-9.886588096618652;0.0;0.3911999762058258,0.3872999846935272,-9.791099548339844;-0.0039618974551558495,0.003804817795753479,-0.0031241392716765404;-0.43039998412132263,-0.5343999862670898,-0.015399999916553497;0.0,0.0,0.0;0.0;0.7293609976768494,0.683551013469696,0.02806999906897545;0.0
-0.09406339377164841,-0.2117336243391037,-9.77290153503418;0.0;0.39249998331069946,0.3903999924659729,-9.790999412536621;-0.0020420351065695286,0.005672320257872343,-0.00296705961227417;-0.4316999912261963,-0.5178999900817871,-0.02539999969303608;0.0,0.0,0.0;0.0;0.7290120124816895,0.6839169859886169,0.028226999565958977;0.0
-0.00833182130008936,-0.1197962835431099,-9.829500198364258;0.0;0.39409998059272766,0.3929999768733978,-9.790800094604492;-0.003176499158143997,0.004450589418411255,-0.0023911010939627886;-0.39409998059272766,-0.4910999834537506,-0.04519999772310257;0.0,0.0,0.0;0.0;0.7286549806594849,0.6842910051345825,0.028378000482916832;0.0
-0.0235780980437994,-0.13451582193374634,-9.813220024108887;0.0;0.3928999900817871,0.39489999413490295,-9.790800094604492;-0.0031939526088535786,0.0025307273026555777,-0.003630284918472171;-0.3928999900817871,-0.4830999970436096,-0.03539999946951866;0.0,0.0,0.0;0.0;0.7282999753952026,0.6846680045127869,0.028402000665664673;0.0
-0.05611051246523857,-0.1592239886522293,-9.806429862976074;0.0;0.3933999836444855,0.39729997515678406,-9.790599822998047;-0.003351032268255949,0.0034382985904812813,-0.003403391921892762;-0.45229998230934143,-0.5737999677658081,0.02319999970495701;0.0,0.0,0.0;0.0;0.7279239892959595,0.6850630044937134,0.028504999354481697;0.0
-0.0894569531083107,-0.2072516828775406,-9.746163368225098;0.0;0.3937999904155731,0.4001999795436859,-9.790499687194824;-0.0028972465079277754,0.004956734832376242,-0.0021118484437465668;-0.4917999804019928,-0.6159999966621399,0.07209999859333038;0.0,0.0,0.0;0.0;0.7275369763374329,0.6854699850082397,0.028619999065995216;0.0
-0.11509406566619873,-0.2592441737651825,-9.704628944396973;0.0;0.3971000015735626,0.40209999680519104,-9.790299415588379;-0.0045378562062978745,4.5378561480902135E-4,-0.002146754879504442;-0.5638999938964844,-0.7256999611854553,0.16019999980926514;0.0,0.0,0.0;0.0;0.7271479964256287,0.6858739852905273,0.028811000287532806;0.0
-0.19627664983272552,-0.37250906229019165,-9.559539794921875;0.0;0.4001999795436859,0.40369999408721924,-9.79010009765625;-0.0029321531765162945,0.005096361506730318,-0.0030194194987416267;-0.5866000056266785,-0.7566999793052673,0.23839999735355377;0.0,0.0,0.0;0.0;0.7267590165138245,0.6862789988517761,0.02898399904370308;0.0
-0.18157626688480377,-0.37330392003059387,-9.5518217086792;0.0;0.4008999764919281,0.4057999849319458,-9.789999961853027;-0.004747295752167702,0.002600540639832616,-0.0023561944253742695;-0.5676000118255615,-0.7685999870300293,0.2578999996185303;0.0,0.0,0.0;0.0;0.7264130115509033,0.6866419911384583,0.02908100001513958;0.0
-0.17798495292663574,-0.36886030435562134,-9.540098190307617;0.0;0.4043999910354614,0.40619999170303345,-9.789799690246582;-0.0010122909443452954,0.004450589418411255,-0.0030194194987416267;-0.4043999910354614,-0.7297999858856201,0.45389997959136963;0.0,0.0,0.0;0.0;0.7260109782218933,0.6870599985122681,0.029227999970316887;0.0
-0.18783949315547943,-0.3420548141002655,-9.597827911376953;0.0;0.4026999771595001,0.40959998965263367,-9.789799690246582;-0.0028448866214603186,0.0014486232539638877,-0.0012217304902151227;-0.4026999771595001,-0.7429999709129333,0.4439999759197235;0.0,0.0,0.0;0.0;0.725691020488739,0.6873949766159058,0.02928300015628338;0.0
-0.17092685401439667,-0.3395361006259918,-9.572237968444824;0.0;0.4025000035762787,0.41269999742507935,-9.789599418640137;-0.006265731994062662,-0.0034732052590698004,-0.0016231562476605177;-0.36329999566078186,-0.6970999836921692,0.4536999762058258;0.0,0.0,0.0;0.0;0.7253339886665344,0.687766969203949,0.029386000707745552;0.0
-0.18108785152435303,-0.3702201843261719,-9.48511791229248;0.0;0.4043000042438507,0.41290000081062317,-9.789599418640137;-7.679448463022709E-4,0.0032114058267325163,-0.0017627825727686286;-0.2768000066280365,-0.6187999844551086,0.4535999894142151;0.0,0.0,0.0;0.0;0.72496098279953,0.6881579756736755,0.029461000114679337;0.0
-0.1723921000957489,-0.40032967925071716,-9.409260749816895;0.0;0.40789997577667236,0.41429999470710754,-9.789299964904785;-0.0013264502631500363,0.0066147977486252785,-0.00593411922454834;-0.486299991607666,-0.7870000004768372,0.4729999899864197;0.0,0.0,0.0;0.0;0.7245849967002869,0.6885460019111633,0.029642999172210693;0.0
-0.11783303320407867,-0.24569298326969147,-9.61574649810791;0.0;0.41130000352859497,0.4156000018119812,-9.78909969329834;-0.0027052604127675295,0.004258603323251009,-0.003926991019397974;-0.51910001039505,-0.7980999946594238,0.46299999952316284;0.0,0.0,0.0;0.0;0.7242100238800049,0.6889339685440063,0.02981499955058098;0.0
-0.10964486002922058,-0.21996967494487762,-9.678339958190918;0.0;0.41359999775886536,0.4163999855518341,-9.788999557495117;-0.0011344640515744686,0.008203047327697277,-0.0036826448049396276;-0.5018999576568604,-0.7889999747276306,0.47269999980926514;0.0,0.0,0.0;0.0;0.7238330245018005,0.6893240213394165,0.029929999262094498;0.0
-0.11867579072713852,-0.23795492947101593,-9.66356372833252;0.0;0.41659998893737793,0.4169999957084656,-9.788899421691895;-4.886921960860491E-4,0.010838494636118412,-0.003089232835918665;-0.4949999749660492,-0.7797999978065491,0.4626999795436859;0.0,0.0,0.0;0.0;0.7234389781951904,0.6897329688072205,0.030060000717639923;0.0
-0.14260822534561157,-0.2793937623500824,-9.626012802124023;0.0;0.4177999794483185,0.4193999767303467,-9.788700103759766;-0.0014486232539638877,0.0073303827084600925,-0.0036651913542300463;-0.4373999834060669,-0.7527999877929688,0.4723999798297882;0.0,0.0,0.0;0.0;0.7230309844017029,0.6901540160179138,0.030189000070095062;0.0
-0.1645391285419464,-0.3394116163253784,-9.557721138000488;0.0;0.41759997606277466,0.4203999936580658,-9.788700103759766;2.2689280740451068E-4,0.00472984230145812,-0.00427605677396059;-0.3391000032424927,-0.6656000018119812,0.44290000200271606;0.0,0.0,0.0;0.0;0.722694993019104,0.6905050277709961,0.030216999351978302;0.0
-0.18117402493953705,-0.4026089608669281,-9.484227180480957;0.0;0.4211999773979187,0.4212999939918518,-9.78849983215332;-0.0027925267349928617,0.0019373154500499368,-0.0026529005263000727;0.11809999495744705,-0.1859000027179718,0.10929999500513077;0.0,0.0,0.0;0.0;0.7223119735717773,0.6908990144729614,0.03038099966943264;0.0
