109.0
calibration_0001.txt
0.15758635103702545,-0.08465897291898727,-9.683023452758789;0.0;0.14749999344348907,-0.07609999924898148,-9.80519962310791;-0.0010995573829859495,-1.9198621157556772E-4,-9.4247778179124E-4;-0.010199999436736107,0.007400000002235174,0.11620000004768372;0.0,0.0,0.0;0.0;-0.7194910049438477,-0.6944490075111389,-0.0027179999742656946;0.0
0.6366757154464722,-0.20659087598323822,-9.42309856414795;0.0;0.1500999927520752,-0.1096000000834465,-9.804800033569336;0.002914699725806713,0.009843656793236732,0.0023561944253742695;0.5264999866485596,-0.06679999828338623,0.3805999755859375;0.0,0.0,0.0;0.0;-0.7218250036239624,-0.6920089721679688,-0.0016570000443607569;0.0
-0.15705962479114532,-1.0319392681121826,-10.377073287963867;0.0;0.14729999005794525,-0.10700000077486038,-9.804900169372559;8.552113431505859E-4,0.0012915435945615172,4.7123889089562E-4;-0.05900000035762787,-1.1383999586105347,-0.5410000085830688;0.0,0.0,0.0;0.0;-0.7216770052909851,-0.6921669840812683,-0.0016449999529868364;0.0
-0.43653959035873413,0.38523662090301514,-9.776262283325195;0.0;0.15279999375343323,-0.10809999704360962,-9.804800033569336;0.0024434609804302454,0.006911503616720438,0.002251474652439356;-0.5156999826431274,-0.5586000084877014,-0.5214999914169312;0.0,0.0,0.0;0.0;-0.7216060161590576,-0.6922370195388794,-0.0018090000376105309;0.0
0.10056604444980621,0.9906344413757324,-9.071505546569824;0.0;0.15860000252723694,-0.11069999635219574,-9.804699897766113;-0.0011519172694534063,-0.005445427261292934,-0.0016755161341279745;-0.5999000072479248,0.48330000042915344,0.007799999788403511;0.0,0.0,0.0;0.0;-0.7214879989624023,-0.6923559904098511,-0.001930000027641654;0.0
0.770377516746521,0.33591607213020325,-9.041213989257812;0.0;0.16099999845027924,-0.1111999973654747,-9.80459976196289;0.0034382985904812813,0.011397000402212143,0.0013089969288557768;0.025200000032782555,1.0526999235153198,0.8217999935150146;0.0,0.0,0.0;0.0;-0.7214049696922302,-0.6924399733543396,-0.001998000079765916;0.0
0.7176284193992615,-0.6732494831085205,-9.711475372314453;0.0;0.15789999067783356,-0.10899999737739563,-9.804699897766113;6.2831852119416E-4,0.003804817795753479,-0.0015707963611930609;0.6166999936103821,0.4032000005245209,0.743399977684021;0.0,0.0,0.0;0.0;-0.7212790250778198,-0.6925740242004395,-0.0019529999699443579;0.0
0.09933064132928848,-1.113638997077942,-10.324841499328613;0.0;0.15869998931884766,-0.10929999500513077,-9.804699897766113;-0.004712388850748539,0.0013089969288557768,-3.665191470645368E-4;0.5080999732017517,-0.5770999789237976,0.027499999850988388;0.0,0.0,0.0;0.0;-0.7212240099906921,-0.6926310062408447,-0.001976999919861555;0.0
-0.49061980843544006,-0.11342769861221313,-10.100791931152344;0.0;0.15559999644756317,-0.10839999467134476,-9.804800033569336;-0.007260569836944342,-0.01377064734697342,-1.0471975838299841E-4;-0.36149999499320984,-0.8328999876976013,-0.5999999642372131;0.0,0.0,0.0;0.0;-0.7211009860038757,-0.6927610039710999,-0.001892999978736043;0.0
0.2712439000606537,0.9179369211196899,-9.006526947021484;0.0;0.15389999747276306,-0.10759999603033066,-9.804800033569336;0.003909537568688393,0.008656833320856094,0.0037350046914070845;-0.38920000195503235,0.8136000037193298,0.3707999885082245;0.0,0.0,0.0;0.0;-0.7209919691085815,-0.6928759813308716,-0.0018569999374449253;0.0
0.22068794071674347,-1.0929913520812988,-10.24239444732666;0.0;0.1477999985218048,-0.10199999809265137,-9.804999351501465;0.0020943949930369854,0.009738937020301819,-8.726646192371845E-4;0.5090999603271484,-0.5941999554634094,0.027699999511241913;0.0,0.0,0.0;0.0;-0.7208960056304932,-0.6929810047149658,-0.0018309999722987413;0.0
-0.3622044026851654,0.5289366245269775,-9.619328498840332;0.0;0.15789999067783356,-0.10379999876022339,-9.804800033569336;-0.00472984230145812,-0.010559242218732834,-0.003228859044611454;-0.6187999844551086,-0.20989999175071716,-0.39399999380111694;0.0,0.0,0.0;0.0;-0.7208939790725708,-0.692978024482727,-0.0021359999664127827;0.0
0.8273978233337402,0.24519498646259308,-9.078975677490234;0.0;0.16269999742507935,-0.10509999841451645,-9.804699897766113;-0.0021642083302140236,-0.0025307273026555777,-8.726646192371845E-4;0.2883000075817108,0.9289000034332275,0.910099983215332;0.0,0.0,0.0;0.0;-0.7208210229873657,-0.6930500268936157,-0.002268000040203333;0.0
-0.18419072031974792,-0.9648441076278687,-10.388460159301758;0.0;0.1525000035762787,-0.10099999606609344,-9.804900169372559;-0.0033859387040138245,-0.0035604715812951326,5.235987482592463E-4;0.2003999948501587,-0.9089999794960022,-0.335099995136261;0.0,0.0,0.0;0.0;-0.720674991607666,-0.6932089924812317,-0.00203699991106987;0.0
-0.01928768865764141,0.9051231741905212,-9.165827751159668;0.0;0.15619999170303345,-0.10099999606609344,-9.804800033569336;0.0016406094655394554,0.00251327408477664,-1.3962633966002613E-4;-0.6268999576568604,0.19900000095367432,-0.12919999659061432;0.0,0.0,0.0;0.0;-0.7205340266227722,-0.6933540105819702,-0.0021649999544024467;0.0
0.5846640467643738,-0.7926435470581055,-9.89548397064209;0.0;0.156700000166893,-0.10130000114440918,-9.804800033569336;-0.005096361506730318,-0.002827433403581381,6.981316983001307E-5;0.6571999788284302,0.21899999678134918,0.6747999787330627;0.0,0.0,0.0;0.0;-0.7205020189285278,-0.693386971950531,-0.002177000045776367;0.0
-0.42507612705230713,0.3289633095264435,-9.755759239196777;0.0;0.15469999611377716,-0.10040000081062317,-9.804900169372559;-0.00205948855727911,-7.504915702156723E-4,8.726646192371845E-4;-0.5371999740600586,-0.5467999577522278,-0.501800000667572;0.0,0.0,0.0;0.0;-0.7203949689865112,-0.6934999823570251,-0.0021349999587982893;0.0
0.8058595657348633,-0.29253312945365906,-9.448918342590332;0.0;0.15809999406337738,-0.10099999606609344,-9.804800033569336;0.0036477381363511086,0.012322024442255497,1.3962633966002613E-4;0.5773000121116638,0.5913000106811523,0.821899950504303;0.0,0.0,0.0;0.0;-0.7203660011291504,-0.6935269832611084,-0.002239000052213669;0.0
-0.3108440041542053,0.5490957498550415,-9.587886810302734;0.0;0.15879999101161957,-0.09860000014305115,-9.804800033569336;-0.0047996556386351585,-0.006108652334660292,0.0;-0.6196999549865723,0.19659999012947083,-0.12919999659061432;0.0,0.0,0.0;0.0;-0.7202199697494507,-0.6936799883842468,-0.002348999958485365;0.0
-0.21488438546657562,-0.9242672324180603,-10.392635345458984;0.0;0.15549999475479126,-0.09489999711513519,-9.804900169372559;-0.006143558770418167,-0.008883725851774216,-0.0040317103266716;-0.05739999935030937,-0.9738999605178833,-0.4625999927520752;0.0,0.0,0.0;0.0;-0.7201759815216064,-0.693727970123291,-0.0023560000117868185;0.0
0.35858437418937683,-1.0062638521194458,-10.106816291809082;0.0;0.1590999960899353,-0.09459999948740005,-9.804900169372559;-1.9198621157556772E-4,0.014817845076322556,-0.0013089969288557768;0.4587000012397766,-0.6505999565124512,0.007999999448657036;0.0,0.0,0.0;0.0;-0.7202439904212952,-0.6936560273170471,-0.002495999913662672;0.0
0.8065012097358704,0.28963136672973633,-9.073307037353516;0.0;0.1826999932527542,-0.10199999809265137,-9.804399490356445;0.002199114765971899,0.009581857360899448,0.003403391921892762;0.47429999709129333,0.7099999785423279,0.8508999943733215;0.0,0.0,0.0;0.0;-0.7203919887542725,-0.6934840083122253,-0.0031029998790472746;0.0
-0.088978111743927,0.8059936761856079,-9.288899421691895;0.0;0.18569999933242798,-0.1021999940276146,-9.804299354553223;3.665191470645368E-4,0.0031066860537976027,-4.5378561480902135E-4;-0.51910001039505,0.621999979019165,0.18400000035762787;0.0,0.0,0.0;0.0;-0.7204710245132446,-0.6934000253677368,-0.0032099999953061342;0.0
-0.49772578477859497,-0.21539196372032166,-10.148484230041504;0.0;0.16679999232292175,-0.09539999812841415,-9.804699897766113;0.002478367416188121,0.0037350046914070845,-2.7925267932005227E-4;-0.6080999970436096,-0.38499999046325684,-0.48240000009536743;0.0,0.0,0.0;0.0;-0.7203360199928284,-0.6935549974441528,-0.0027520000003278255;0.0
-0.11369584500789642,-1.019585132598877,-10.370474815368652;0.0;0.16269999742507935,-0.09569999575614929,-9.804800033569336;-0.003054326167330146,0.0014137167017906904,1.3962633966002613E-4;-0.06459999829530716,-0.9632999897003174,-0.4724999964237213;0.0,0.0,0.0;0.0;-0.7202979922294617,-0.6935970187187195,-0.002589999930933118;0.0
0.6757586598396301,-0.6759597659111023,-9.727296829223633;0.0;0.17270000278949738,-0.10080000013113022,-9.80459976196289;2.0943951676599681E-4,0.00296705961227417,-0.0015707963611930609;0.6509999632835388,0.06159999966621399,0.5764999985694885;0.0,0.0,0.0;0.0;-0.7204939723014832,-0.6933850049972534,-0.0027799999807029963;0.0
0.681495189666748,0.561670184135437,-8.970977783203125;0.0;0.18129999935626984,-0.10439999401569366,-9.804399490356445;0.0024434609804302454,0.008639379404485226,0.0012217304902151227;0.3384000062942505,0.8496999740600586,0.8508999943733215;0.0,0.0,0.0;0.0;-0.7205169796943665,-0.6933540105819702,-0.0029670000076293945;0.0
-0.019900605082511902,0.8350783586502075,-9.251185417175293;0.0;0.18389999866485596,-0.10170000046491623,-9.804299354553223;-0.003577925032004714,-0.00472984230145812,-0.0014137167017906904;-0.370199978351593,0.807699978351593,0.40959998965263367;0.0,0.0,0.0;0.0;-0.7203149795532227,-0.6935629844665527,-0.0031590000726282597;0.0
-0.46675440669059753,0.17187495529651642,-9.922825813293457;0.0;0.16990000009536743,-0.08709999918937683,-9.804699897766113;-0.005288347601890564,-0.011833332479000092,-8.552113431505859E-4;-0.6601999998092651,-0.24619999527931213,-0.40389999747276306;0.0,0.0,0.0;0.0;-0.7192149758338928,-0.6947180032730103,-0.003140999935567379;0.0
-0.20128531754016876,-0.9471269845962524,-10.386487007141113;0.0;0.1647000014781952,-0.08399999886751175,-9.804900169372559;-0.004049163777381182,-0.005288347601890564,-0.00411897711455822;-0.03720000013709068,-0.9553999900817871,-0.43320000171661377;0.0,0.0,0.0;0.0;-0.7192249894142151,-0.6947129964828491,-0.003063000040128827;0.0
0.1963149607181549,-1.0434314012527466,-10.236992835998535;0.0;0.1695999950170517,-0.08559999614953995,-9.804800033569336;-8.726646046852693E-5,0.009197885170578957,-0.0012042771559208632;0.3109000027179718,-0.7968999743461609,-0.14890000224113464;0.0,0.0,0.0;0.0;-0.7193610072135925,-0.6945670247077942,-0.0031880000606179237;0.0
0.7806055545806885,-0.3643783628940582,-9.478089332580566;0.0;0.18649999797344208,-0.0916999951004982,-9.804399490356445;0.002251474652439356,0.013316862285137177,0.003577925032004714;0.6468999981880188,0.11129999905824661,0.6155999898910522;0.0,0.0,0.0;0.0;-0.7194389700889587,-0.6944739818572998,-0.0035959999077022076;0.0
0.670261561870575,0.6072365641593933,-8.961640357971191;0.0;0.2087000012397766,-0.10029999911785126,-9.803899765014648;-2.2689280740451068E-4,4.1887903353199363E-4,-0.0011693706037476659;0.22269999980926514,0.914199948310852,0.8601999878883362;0.0,0.0,0.0;0.0;-0.7196400165557861,-0.6942459940910339,-0.004108000081032515;0.0
-0.023491907864809036,0.8416672348976135,-9.232922554016113;0.0;0.21299999952316284,-0.09849999845027924,-9.803799629211426;-0.0017976891249418259,0.0012740903766825795,2.9670598451048136E-4;-0.43849998712539673,0.7653999924659729,0.34039998054504395;0.0,0.0,0.0;0.0;-0.7196069955825806,-0.6942769885063171,-0.00432599987834692;0.0
-0.4956859350204468,0.05975927412509918,-9.989672660827637;0.0;0.202799990773201,-0.09239999949932098,-9.804100036621094;0.0013788101496174932,0.004084070213139057,7.504915702156723E-4;-0.6735000014305115,-0.22129999101161957,-0.40459999442100525;0.0,0.0,0.0;0.0;-0.7194650173187256,-0.6944350004196167,-0.004168999847024679;0.0
-0.4227011203765869,-0.608883798122406,-10.335050582885742;0.0;0.19119998812675476,-0.0892999991774559,-9.804299354553223;-1.7453292093705386E-4,0.005078908056020737,4.7123889089562E-4;-0.5834999680519104,-0.5676999688148499,-0.5121999979019165;0.0,0.0,0.0;0.0;-0.7193999886512756,-0.6945109963417053,-0.0038509999867528677;0.0
-0.3336176574230194,-0.7825783491134644,-10.374305725097656;0.0;0.18279999494552612,-0.08799999952316284,-9.804499626159668;-0.004153883550316095,-0.009634217247366905,-0.0036651913542300463;-0.44759997725486755,-0.7846999764442444,-0.5609999895095825;0.0,0.0,0.0;0.0;-0.7193379998207092,-0.6945819854736328,-0.0035890000872313976;0.0
-0.020015526562929153,-1.05171537399292,-10.326374053955078;0.0;0.18039999902248383,-0.09109999984502792,-9.804499626159668;-0.003525565145537257,-0.007661995477974415,-0.002722713630646467;-0.013700000010430813,-0.9483000040054321,-0.4041000008583069;0.0,0.0,0.0;0.0;-0.7195280194282532,-0.6943860054016113,-0.003392999991774559;0.0
0.3718482553958893,-0.9796977639198303,-10.081351280212402;0.0;0.18400000035762787,-0.09719999879598618,-9.804399490356445;8.726646192371845E-4,0.0073129297234117985,-0.0016406094655394554;0.32580000162124634,-0.736299991607666,-0.10999999940395355;0.0,0.0,0.0;0.0;-0.7200040221214294,-0.6938880085945129,-0.0033179998863488436;0.0
0.6427474021911621,-0.6929011344909668,-9.76171588897705;0.0;0.19359999895095825,-0.10869999974966049,-9.804100036621094;-0.002234021434560418,0.0022689281031489372,-0.0012915435945615172;0.5417999625205994,-0.4010999798774719,0.21319998800754547;0.0,0.0,0.0;0.0;-0.7207559943199158,-0.6930959820747375,-0.0032730000093579292;0.0
0.44573330879211426,-0.9248418211936951,-9.997995376586914;0.0;0.20269998908042908,-0.11379999667406082,-9.803799629211426;-8.726646192371845E-4,7.853981805965304E-4,0.0013089969288557768;0.2581000030040741,-0.7293999791145325,-0.13019999861717224;0.0,0.0,0.0;0.0;-0.7209489941596985,-0.6928859949111938,-0.0034310000482946634;0.0
0.6558197140693665,-0.6630502343177795,-9.743922233581543;0.0;0.22059999406337738,-0.11989999562501907,-9.803400039672852;0.005078908056020737,0.017470745369791985,0.003001966280862689;0.495199978351593,-0.4389999806880951,0.17329999804496765;0.0,0.0,0.0;0.0;-0.7210350036621094,-0.6927800178527832,-0.0038769999518990517;0.0
0.7624670267105103,-0.4687846899032593,-9.564749717712402;0.0;0.23979999125003815,-0.1290999948978424,-9.802800178527832;1.0471975838299841E-4,-2.7925267932005227E-4,-2.9670598451048136E-4;0.47599998116493225,-0.3806999921798706,0.22169999778270721;0.0,0.0,0.0;0.0;-0.7211790084838867,-0.6926079988479614,-0.004259999841451645;0.0
0.6800777316093445,-0.6377483010292053,-9.704906463623047;0.0;0.2563999891281128,-0.13819999992847443,-9.802299499511719;-0.0027576202992349863,-0.0028797932900488377,-6.981316983001307E-5;0.420199990272522,-0.4696999788284302,0.11329999566078186;0.0,0.0,0.0;0.0;-0.7215110063552856,-0.6922429800033569,-0.004554999992251396;0.0
0.75208580493927,-0.5024950504302979,-9.589725494384766;0.0;0.2694999873638153,-0.1459999978542328,-9.801799774169922;-0.004206243436783552,-0.0038920841179788113,-3.665191470645368E-4;0.5246999859809875,-0.18729999661445618,0.3481999933719635;0.0,0.0,0.0;0.0;-0.7218959927558899,-0.6918240189552307,-0.004767999984323978;0.0
0.8235958218574524,-0.2208411693572998,-9.367802619934082;0.0;0.281499981880188,-0.15039999783039093,-9.801400184631348;6.806784076616168E-4,0.006702064536511898,-3.490658418741077E-4;0.542199969291687,-0.05549999698996544,0.43609997630119324;0.0,0.0,0.0;0.0;-0.7221069931983948,-0.6915889978408813,-0.00506300013512373;0.0
0.8069512844085693,-0.21168573200702667,-9.397165298461914;0.0;0.29679998755455017,-0.15709999203681946,-9.800799369812012;9.599310578778386E-4,0.005777040030807257,-4.5378561480902135E-4;0.4875999987125397,-0.1762000024318695,0.3569999933242798;0.0,0.0,0.0;0.0;-0.7224040031433105,-0.6912580132484436,-0.0053980001248419285;0.0
0.8130325675010681,-0.29102957248687744,-9.423578262329102;0.0;0.3033999800682068,-0.15879999101161957,-9.800600051879883;0.004834562074393034,0.005375613924115896,-0.0010821041651070118;0.5103999972343445,0.031300000846385956,0.47450000047683716;0.0,0.0,0.0;0.0;-0.7226139903068542,-0.6910300254821777,-0.00558600015938282;0.0
0.8297632336616516,-0.054875101894140244,-9.279609680175781;0.0;0.30649998784065247,-0.1597999930381775,-9.80049991607666;0.0031241392716765404,0.008045967668294907,8.028514566831291E-4;0.42890000343322754,0.6207000017166138,0.8175999522209167;0.0,0.0,0.0;0.0;-0.7226579785346985,-0.6909800171852112,-0.005663999821990728;0.0
0.5904293060302734,0.72199547290802,-8.953049659729004;0.0;0.307699978351593,-0.16380000114440918,-9.800399780273438;0.0034382985904812813,0.00890117883682251,0.003298672381788492;0.09429999440908432,0.9776999950408936,0.8174999952316284;0.0,0.0,0.0;0.0;-0.7225940227508545,-0.6910430192947388,-0.005564999766647816;0.0
