423.0
calibration_0007.txt
0.12159671634435654,-0.002892195712774992,-9.706036567687988;0.0;0.10669999569654465,-0.00989999994635582,-9.805999755859375;-0.0019547687843441963,0.0026703537441790104,-0.0012217304902151227;0.0010999999940395355,0.00989999994635582,0.10719999670982361;0.0,0.0,0.0;0.0;-0.9950990080833435,-0.09873200207948685,-0.005363999865949154;0.0
0.3288866877555847,0.439757376909256,-9.24190616607666;0.0;0.10729999840259552,-0.0066999997943639755,-9.805999755859375;-0.003926991019397974,0.002373647876083851,-0.0010821041651070118;0.21629999577999115,0.4283999800682068,0.5680999755859375;0.0,0.0,0.0;0.0;-0.9951139688491821,-0.09857600182294846,-0.005410999990999699;0.0
-0.2901868224143982,0.1053352952003479,-9.494647026062012;0.0;0.10520000010728836,-0.006300000008195639,-9.805999755859375;-0.0013788101496174932,0.0031590459402650595,-0.0025307273026555777;-0.3895999789237976,0.09449999779462814,0.3229999840259552;0.0,0.0,0.0;0.0;-0.9951329827308655,-0.09838499873876572,-0.005305999889969826;0.0
-0.10168652981519699,-0.4635557532310486,-9.90971565246582;0.0;0.10349999368190765,-0.006799999624490738,-9.806099891662598;-0.002600540639832616,0.0019373154500499368,-0.0011868239380419254;-0.19169999659061432,-0.44419997930526733,-0.08879999816417694;0.0,0.0,0.0;0.0;-0.9951499700546265,-0.09822700172662735,-0.0052189999260008335;0.0
0.6189202666282654,0.04437892138957977,-9.842869758605957;0.0;0.10189999639987946,-0.005200000014156103,-9.806099891662598;-0.0034208453726023436,0.005532693583518267,8.901178953237832E-4;0.5059999823570251,0.03460000082850456,-0.020099999383091927;0.0,0.0,0.0;0.0;-0.9951800107955933,-0.09792599827051163,-0.005148000083863735;0.0
0.1896686553955078,0.4523508846759796,-9.441888809204102;0.0;0.10279999673366547,-0.006199999712407589,-9.806099891662598;-0.003926991019397974,6.806784076616168E-4,-0.001343903481028974;-0.46559998393058777,-0.013299999758601189,0.3033999800682068;0.0,0.0,0.0;0.0;-0.995199978351593,-0.0977180004119873,-0.005187000147998333;0.0
-0.39668092131614685,-0.12547531723976135,-9.543517112731934;0.0;0.10189999639987946,-0.007599999662488699,-9.806099891662598;-0.0038746309000998735,-2.617993741296232E-4,-0.0017104226863011718;-0.13130000233650208,-0.45319998264312744,-0.05929999798536301;0.0,0.0,0.0;0.0;-0.9952200055122375,-0.09751100093126297,-0.0051369997672736645;0.0
0.08377791196107864,-0.442726194858551,-9.864350318908691;0.0;0.09749999642372131,-0.006099999882280827,-9.806099891662598;-0.005672320257872343,-0.010279988870024681,-0.0022689281031489372;0.5397999882698059,0.09429999440908432,0.06809999793767929;0.0,0.0,0.0;0.0;-0.9952319860458374,-0.09740500152111053,-0.0049219997599720955;0.0
0.6450554132461548,0.24018630385398865,-9.653717994689941;0.0;0.09589999914169312,-0.0066999997943639755,-9.806099891662598;-0.005096361506730318,0.0029845130629837513,-0.0011693706037476659;0.38449999690055847,0.40869998931884766,0.3132999837398529;0.0,0.0,0.0;0.0;-0.9952409863471985,-0.09731099754571915,-0.004834999796003103;0.0
0.47934791445732117,0.4412035048007965,-9.460410118103027;0.0;0.09600000083446503,-0.006799999624490738,-9.806099891662598;-0.0019198621157556772,0.0063355453312397,-0.0015009831404313445;-0.26269999146461487,0.24219998717308044,0.4702000021934509;0.0,0.0,0.0;0.0;-0.9952539801597595,-0.09718400239944458,-0.004838000051677227;0.0
-0.14083652198314667,0.2714162766933441,-9.32066535949707;0.0;0.094200000166893,-0.007899999618530273,-9.806099891662598;-0.001029744278639555,0.004694935865700245,-0.002809980185702443;-0.4472000002861023,-0.3057999908924103,0.2053999900817871;0.0,0.0,0.0;0.0;-0.9952769875526428,-0.09694699943065643,-0.004743000026792288;0.0
-0.3887704908847809,-0.265095591545105,-9.594830513000488;0.0;0.09079999476671219,-0.006399999838322401,-9.80620002746582;-0.002600540639832616,-0.002740166848525405,-0.0032114058267325163;0.03659999743103981,-0.40539997816085815,-0.04939999803900719;0.0,0.0,0.0;0.0;-0.9952880144119263,-0.09684699773788452,-0.00457700015977025;0.0
0.1910860240459442,-0.383417010307312,-9.855817794799805;0.0;0.08969999849796295,-0.005200000014156103,-9.80620002746582;-0.003403391921892762,-0.0012217304902151227,-0.0013264502631500363;0.5475999712944031,0.15230000019073486,0.10740000009536743;0.0,0.0,0.0;0.0;-0.9952899813652039,-0.09682799875736237,-0.0045289997942745686;0.0
0.5994506478309631,0.04964616894721985,-9.823142051696777;0.0;0.08839999884366989,-0.004699999932199717,-9.80620002746582;-0.0036477381363511086,0.0027052604127675295,-1.7453292457503267E-5;0.30379998683929443,0.46559998393058777,0.36239999532699585;0.0,0.0,0.0;0.0;-0.9953060150146484,-0.09666600078344345,-0.004466000013053417;0.0
0.511238694190979,0.4127795398235321,-9.536153793334961;0.0;0.08379999548196793,-0.002899999963119626,-9.80620002746582;-0.002234021434560418,0.003804817795753479,-4.5378561480902135E-4;-0.21130000054836273,0.2773999869823456,0.4408999979496002;0.0,0.0,0.0;0.0;-0.9953389763832092,-0.09633900225162506,-0.004244000185281038;0.0
0.24156536161899567,0.4624352753162384,-9.40204906463623;0.0;0.08590000122785568,-0.003700000001117587,-9.80620002746582;-0.0014137167017906904,0.005550147034227848,-0.0010995573829859495;-0.39969998598098755,0.013499999418854713,0.35259997844696045;0.0,0.0,0.0;0.0;-0.9953500032424927,-0.09622099995613098,-0.00434499979019165;0.0
-0.03315490484237671,0.3456173837184906,-9.388967514038086;0.0;0.08299999684095383,-0.0031999999191612005,-9.80620002746582;-0.002321287989616394,0.0036477381363511086,-6.632251315750182E-4;-0.46539998054504395,-0.2222999930381775,0.19569998979568481;0.0,0.0,0.0;0.0;-0.9953780174255371,-0.095940001308918,-0.0041959998197853565;0.0
-0.367117315530777,-0.05942408740520477,-9.523941993713379;0.0;0.08049999922513962,-0.003399999812245369,-9.806300163269043;-0.003176499158143997,7.15585018042475E-4,-0.002199114765971899;-0.19820000231266022,-0.46719998121261597,-0.06889999657869339;0.0,0.0,0.0;0.0;-0.9953870177268982,-0.09585099667310715,-0.004075999837368727;0.0
-0.3011714220046997,-0.40032967925071716,-9.804619789123535;0.0;0.07880000025033951,-0.002699999837204814,-9.806300163269043;-0.0024434609804302454,-0.002687806962057948,-0.0024260077625513077;0.4016000032424927,-0.14429999887943268,-0.15719999372959137;0.0,0.0,0.0;0.0;-0.9953979849815369,-0.09574099630117416,-0.003986999858170748;0.0
-0.37158969044685364,-0.34546414017677307,-9.74487018585205;0.0;0.07840000092983246,-0.00419999985024333,-9.806300163269043;-6.981316837482154E-4,-0.003525565145537257,-0.0031590459402650595;0.5392999649047852,0.1119999960064888,-0.019899999722838402;0.0,0.0,0.0;0.0;-0.9954119920730591,-0.09558899700641632,-0.0039610001258552074;0.0
-0.2616000771522522,-0.4383879005908966,-9.842860221862793;0.0;0.07979999482631683,-0.004999999888241291,-9.806300163269043;-0.0032463124953210354,-0.0035604715812951326,-0.002722713630646467;0.5281000137329102,0.26980000734329224,0.07809999585151672;0.0,0.0,0.0;0.0;-0.9954249858856201,-0.09545599669218063,-0.004027999937534332;0.0
-0.09448477625846863,-0.48001828789711,-9.955224990844727;0.0;0.07819999754428864,-0.004600000102072954,-9.806300163269043;-0.0038746309000998735,-0.004625122528523207,-0.0013962633674964309;0.4511999785900116,0.4065999984741211,0.19579999148845673;0.0,0.0,0.0;0.0;-0.9954379796981812,-0.09532099962234497,-0.0039470000192523;0.0
0.15038460493087769,-0.432057648897171,-9.995705604553223;0.0;0.07979999482631683,-0.005499999970197678,-9.806300163269043;-0.0029321531765162945,-0.0011519172694534063,-0.0015358896926045418;0.26330000162124634,0.46639999747276306,0.313400000333786;0.0,0.0,0.0;0.0;-0.9954460263252258,-0.09523700177669525,-0.004027999937534332;0.0
0.2967948317527771,-0.34330934286117554,-10.022789001464844;0.0;0.08009999990463257,-0.0066999997943639755,-9.806300163269043;-0.0031415927223861217,0.002740166848525405,2.4434609804302454E-4;0.1356000006198883,0.4479999840259552,0.382099986076355;0.0,0.0,0.0;0.0;-0.9954609870910645,-0.09507299959659576,-0.004033000208437443;0.0
0.337735652923584,-0.29055073857307434,-10.009965896606445;0.0;0.08089999854564667,-0.007599999662488699,-9.806300163269043;-0.0026703537441790104,0.0012217304902151227,-5.585053586401045E-4;0.1151999980211258,0.4488999843597412,0.4016999900341034;0.0,0.0,0.0;0.0;-0.9954659938812256,-0.09501799941062927,-0.0040699997916817665;0.0
0.39767691493034363,-0.25687870383262634,-10.023354530334473;0.0;0.07930000126361847,-0.0064999996684491634,-9.806300163269043;-0.00143117003608495,1.9198621157556772E-4,-8.726646046852693E-5;0.04809999838471413,0.42819997668266296,0.3919000029563904;0.0,0.0,0.0;0.0;-0.9954760074615479,-0.09492199867963791,-0.003994000144302845;0.0
0.4418451189994812,-0.18467913568019867,-9.980382919311523;0.0;0.08389999717473984,-0.0010999999940395355,-9.80620002746582;-0.00143117003608495,5.585053586401045E-4,-0.0010995573829859495;0.014099999330937862,0.41290000081062317,0.4114999771118164;0.0,0.0,0.0;0.0;-0.9954320192337036,-0.09537000209093094,-0.004255999810993671;0.0
0.3806684911251068,-0.23793576657772064,-10.010473251342773;0.0;0.08579999953508377,-6.99999975040555E-4,-9.80620002746582;-0.003804817795753479,-0.001029744278639555,0.0010821041651070118;0.07099999487400055,0.44200000166893005,0.4114999771118164;0.0,0.0,0.0;0.0;-0.9954410195350647,-0.095271997153759,-0.004352999851107597;0.0
0.07435432076454163,-0.4528297483921051,-10.02910041809082;0.0;0.08949999511241913,-0.003399999812245369,-9.80620002746582;-0.003036872949451208,0.0019896754529327154,-8.028514566831291E-4;0.2927999794483185,0.4642999768257141,0.37219998240470886;0.0,0.0,0.0;0.0;-0.9954220056533813,-0.09545999765396118,-0.0045289997942745686;0.0
-0.2983750104904175,-0.03303998336195946,-9.489581108093262;0.0;0.0867999941110611,-0.003000000026077032,-9.80620002746582;-0.0014486232539638877,-5.759586347267032E-4,-0.004625122528523207;0.5015000104904175,0.11079999804496765,-0.05920000001788139;0.0,0.0,0.0;0.0;-0.99543297290802,-0.09535499662160873,-0.004391999915242195;0.0
0.2971300184726715,0.4801236391067505,-9.406157493591309;0.0;0.08720000088214874,-0.002899999963119626,-9.80620002746582;5.410520825535059E-4,0.009267698042094707,-2.4434609804302454E-4;-0.08720000088214874,-0.46769997477531433,-0.21609999239444733;0.0,0.0,0.0;0.0;-0.9954509735107422,-0.09516999870538712,-0.004412999842315912;0.0
0.5771175622940063,0.06412629783153534,-9.90215015411377;0.0;0.08829999715089798,-0.003599999938160181,-9.80620002746582;-0.0039618974551558495,0.0041015236638486385,0.0023911010939627886;-0.42170000076293945,-0.1630999892950058,0.24469999969005585;0.0,0.0,0.0;0.0;-0.9954789876937866,-0.09487099945545197,-0.00446499977260828;0.0
0.07537904381752014,-0.4769537150859833,-10.02697467803955;0.0;0.08739999681711197,-0.0037999998312443495,-9.80620002746582;-0.0021293016616255045,0.0024260077625513077,-1.7453292457503267E-5;-0.008899999782443047,0.4059000015258789,0.45069998502731323;0.0,0.0,0.0;0.0;-0.9954909682273865,-0.09474899619817734,-0.0044189998880028725;0.0
-0.3628269135951996,-0.2783690392971039,-9.663773536682129;0.0;0.08579999953508377,-0.004399999976158142,-9.80620002746582;-0.003298672381788492,-6.632251315750182E-4,-0.0017278759041801095;0.4827999770641327,0.337799996137619,0.13689999282360077;0.0,0.0,0.0;0.0;-0.9955040216445923,-0.09461399912834167,-0.0043379999697208405;0.0
0.020417751744389534,0.3456557095050812,-9.344406127929688;0.0;0.08329999446868896,-0.00969999935477972,-9.80620002746582;-0.0014660765882581472,0.002827433403581381,-7.504915702156723E-4;0.2793999910354614,-0.23539999127388,-0.2061999887228012;0.0,0.0,0.0;0.0;-0.9955459833145142,-0.09417500346899033,-0.00418699998408556;0.0
0.49342581629753113,0.4599165618419647,-9.534017562866211;0.0;0.08489999920129776,-0.01119999960064888,-9.80620002746582;-0.0022165682166814804,0.005881759338080883,-6.457717972807586E-4;-0.22219999134540558,-0.4691999852657318,-0.10819999873638153;0.0,0.0,0.0;0.0;-0.9955530166625977,-0.09409300237894058,-0.004259999841451645;0.0
0.49107950925827026,-0.1106504276394844,-9.984586715698242;0.0;0.08509999513626099,-0.011399999260902405,-9.80620002746582;-0.002914699725806713,0.0013962633674964309,-0.001745329238474369;-0.37929999828338623,0.011399999260902405,0.36239999532699585;0.0,0.0,0.0;0.0;-0.9955599904060364,-0.09401799738407135,-0.004265000112354755;0.0
-0.1394670456647873,-0.502265214920044,-9.95949649810791;0.0;0.094200000166893,-0.009200000204145908,-9.806099891662598;-0.0028797932900488377,0.0017278759041801095,1.7453292093705386E-4;0.11159999668598175,0.4602999985218048,0.4309999942779541;0.0,0.0,0.0;0.0;-0.9954789876937866,-0.09484999626874924,-0.004737999755889177;0.0
-0.352780818939209,-0.1658702939748764,-9.565113067626953;0.0;0.093299999833107,-0.01549999974668026,-9.806099891662598;-0.00205948855727911,-0.0017627825727686286,-4.3633230961859226E-4;0.5047999620437622,0.2705000042915344,0.048499997705221176;0.0,0.0,0.0;0.0;-0.9954850077629089,-0.09478999674320221,-0.004664999898523092;0.0
0.4870189130306244,0.44371262192726135,-9.546295166015625;0.0;0.08329999446868896,-0.01589999906718731,-9.80620002746582;-0.00376991112716496,0.008709193207323551,4.5378561480902135E-4;-0.29909998178482056,-0.4546999931335449,-0.07880000025033951;0.0,0.0,0.0;0.0;-0.9955610036849976,-0.0940219983458519,-0.0040790000930428505;0.0
0.3185916543006897,-0.26340049505233765,-10.052984237670898;0.0;0.085999995470047,-0.015799999237060547,-9.80620002746582;-0.004310963209718466,0.003455751808360219,0.001117010717280209;-0.4194999933242798,-0.23909999430179596,0.1859000027179718;0.0,0.0,0.0;0.0;-0.9955750107765198,-0.09386300295591354,-0.0042929998598992825;0.0
-0.35108572244644165,-0.3110068142414093,-9.690617561340332;0.0;0.08839999884366989,-0.016099998727440834,-9.80620002746582;-0.0026179938577115536,-0.002914699725806713,-0.0037000980228185654;0.1665000021457672,0.47699999809265137,0.4407999813556671;0.0,0.0,0.0;0.0;-0.995585024356842,-0.09375099837779999,-0.0044109998270869255;0.0
0.14332649111747742,0.41661980748176575,-9.347413063049316;0.0;0.08739999681711197,-0.016099998727440834,-9.80620002746582;-0.0032463124953210354,0.004380776546895504,-0.0013264502631500363;0.4616999924182892,0.08479999750852585,-0.07880000025033951;0.0,0.0,0.0;0.0;-0.9955999851226807,-0.09359399974346161,-0.004360000137239695;0.0
0.5747999548912048,0.0730997696518898,-9.859465599060059;0.0;0.08669999986886978,-0.015799999237060547,-9.80620002746582;-0.004834562074393034,0.0023561944253742695,-4.5378561480902135E-4;-0.28279998898506165,-0.45479997992515564,-0.09839999675750732;0.0,0.0,0.0;0.0;-0.9956160187721252,-0.09342599660158157,-0.004327000118792057;0.0
-0.0639922246336937,-0.4940866231918335,-9.992871284484863;0.0;0.08739999681711197,-0.014699999243021011,-9.80620002746582;-0.0041015236638486385,-4.886921960860491E-4,-9.948377264663577E-4;-0.3522000014781952,0.05389999970793724,0.4016000032424927;0.0,0.0,0.0;0.0;-0.995631992816925,-0.09324900060892105,-0.004371999762952328;0.0
-0.3688986003398895,-0.18726487457752228,-9.57400131225586;0.0;0.08689999580383301,-0.015099999494850636,-9.80620002746582;-0.0023038345389068127,-3.490658491500653E-5,-0.00251327408477664;0.24650000035762787,0.49559998512268066,0.4211999773979187;0.0,0.0,0.0;0.0;-0.9956480264663696,-0.09307900071144104,-0.004340999759733677;0.0
0.24250391125679016,0.4628087878227234,-9.374832153320312;0.0;0.08500000089406967,-0.01529999915510416,-9.80620002746582;-0.0019198621157556772,0.0018675023457035422,-0.0016929693520069122;0.41509997844696045,-0.004299999680370092,-0.12780000269412994;0.0,0.0,0.0;0.0;-0.9956640005111694,-0.09291800111532211,-0.004240000154823065;0.0
0.6073514819145203,0.16738341748714447,-9.819626808166504;0.0;0.08659999817609787,-0.01549999974668026,-9.80620002746582;-0.004206243436783552,0.0028972465079277754,0.0;-0.14549998939037323,-0.4649999737739563,-0.1768999993801117;0.0,0.0,0.0;0.0;-0.9956759810447693,-0.09277600049972534,-0.004329000134021044;0.0
0.18748515844345093,-0.3892492949962616,-10.053999900817871;0.0;0.085999995470047,-0.011599999852478504,-9.80620002746582;-0.002600540639832616,0.003176499158143997,-9.599310578778386E-4;-0.4194999933242798,-0.12559999525547028,0.2839999794960022;0.0,0.0,0.0;0.0;-0.9956849813461304,-0.09268700331449509,-0.004317000042647123;0.0
-0.19554881751537323,0.14576856791973114,-9.382827758789062;0.0;0.08630000054836273,-0.010400000028312206,-9.80620002746582;-0.003455751808360219,-0.0015358896926045418,-0.0033684854861348867;0.462799996137619,0.3928999900817871,0.19569998979568481;0.0,0.0,0.0;0.0;-0.9956859946250916,-0.09267900139093399,-0.004333000164479017;0.0
