49.0
calibration_0007.txt
0.07468951493501663,-0.05541140213608742,-9.68556022644043;0.0;0.06129999831318855,-0.0559999980032444,-9.80620002746582;-0.003351032268255949,-1.3962633966002613E-4,-0.0013089969288557768;-0.0023999998811632395,0.016699999570846558,0.12709999084472656;0.0,0.0,0.0;0.0;-0.9891719818115234,-0.146696999669075,-0.0026740001048892736;0.0
-0.19499336183071136,-0.10988428443670273,-9.526413917541504;0.0;0.06520000100135803,-0.04729999974370003,-9.806300163269043;-0.003577925032004714,7.330382941290736E-4,-4.1887903353199363E-4;-0.42800000309944153,-0.04089999943971634,0.08789999783039093;0.0,0.0,0.0;0.0;-0.9891520142555237,-0.1468379944562912,-0.002933999989181757;0.0
-0.3698467016220093,-0.09969455748796463,-9.636613845825195;0.0;0.06209999695420265,-0.04859999939799309,-9.806300163269043;-0.0019896754529327154,-0.0015882495790719986,-0.003054326167330146;-0.18959999084472656,-2.9999998514540493E-4,-0.010099999606609344;0.0,0.0,0.0;0.0;-0.9892039895057678,-0.14648400247097015,-0.0027719999197870493;0.0
0.2348615974187851,-0.030559591948986053,-9.755021095275879;0.0;0.06189999729394913,-0.049300000071525574,-9.806300163269043;-0.0036477381363511086,0.0015009831404313445,-0.0012042771559208632;0.4870999753475189,0.03949999809265137,0.34289997816085815;0.0,0.0,0.0;0.0;-0.9892339706420898,-0.1462859958410263,-0.002759000053629279;0.0
0.33722808957099915,-0.05858132615685463,-9.392980575561523;0.0;0.06319999694824219,-0.04999999701976776,-9.806300163269043;-0.0023387412074953318,0.0013962633674964309,-0.0021642083302140236;-0.35740000009536743,-0.038100000470876694,0.26440000534057617;0.0,0.0,0.0;0.0;-0.9892759919166565,-0.14599399268627167,-0.0028180000372231007;0.0
-0.13346238434314728,-0.10428185015916824,-9.483442306518555;0.0;0.06229999661445618,-0.049799997359514236,-9.806300163269043;-0.002460914198309183,0.0,-0.0031939526088535786;-0.4348999857902527,-0.03839999809861183,0.06830000132322311;0.0,0.0,0.0;0.0;-0.9893190264701843,-0.14570499956607819,-0.0027749999426305294;0.0
-0.3817315101623535,-0.09613198786973953,-9.73837661743164;0.0;0.06269999593496323,-0.050999999046325684,-9.806300163269043;-0.0019547687843441963,-6.2831852119416E-4,-0.0041015236638486385;0.03529999777674675,0.041200000792741776,0.009399999864399433;0.0,0.0,0.0;0.0;-0.989346981048584,-0.14551199972629547,-0.0027830000035464764;0.0
-0.12837709486484528,-0.06213432177901268,-9.858556747436523;0.0;0.0616999976336956,-0.05159999802708626,-9.806300163269043;-0.0019024088978767395,5.759586347267032E-4,-0.0016231562476605177;0.35009998083114624,0.03199999779462814,0.36249998211860657;0.0,0.0,0.0;0.0;-0.9893869757652283,-0.14524099230766296,-0.0027290000580251217;0.0
0.3093595802783966,-0.023606829345226288,-9.793510437011719;0.0;0.06340000033378601,-0.05260000005364418,-9.806300163269043;-0.002146754879504442,0.0057072266936302185,0.0020769417751580477;-0.0044999998062849045,-0.01599999889731407,0.3330000042915344;0.0,0.0,0.0;0.0;-0.9894350171089172,-0.14490999281406403,-0.0028099999763071537;0.0
0.5294250249862671,-0.0025091234128922224,-9.653822898864746;0.0;0.06159999966621399,-0.05249999836087227,-9.806300163269043;-0.003001966280862689,2.7925267932005227E-4,0.0013962633674964309;-0.306799978017807,-0.0357000008225441,0.1761000007390976;0.0,0.0,0.0;0.0;-0.9894739985466003,-0.1446480005979538,-0.002724000019952655;0.0
0.4602038860321045,-0.028778305277228355,-9.514039993286133;0.0;0.06109999865293503,-0.05379999801516533,-9.806300163269043;-0.0020420351065695286,0.0041015236638486385,-3.490658418741077E-4;-0.44359999895095825,-0.03439999744296074,-2.9999998514540493E-4;0.0,0.0,0.0;0.0;-0.9895309805870056,-0.14425599575042725,-0.002687999978661537;0.0
0.27234524488449097,-0.07839573919773102,-9.485673904418945;0.0;0.05700000002980232,-0.051500000059604645,-9.806300163269043;-0.005759586580097675,-3.316125657875091E-4,-8.726646192371845E-4;-0.3805999755859375,-0.026799999177455902,-0.05909999832510948;0.0,0.0,0.0;0.0;-0.9895790219306946,-0.14393100142478943,-0.0024979999288916588;0.0
0.2657085061073303,-0.0630345419049263,-9.486727714538574;0.0;0.0575999990105629,-0.05139999836683273,-9.806300163269043;-0.004171337001025677,0.0018151424592360854,-0.0019547687843441963;-0.35179999470710754,-0.026999998837709427,-0.03949999809265137;0.0,0.0,0.0;0.0;-0.9896209836006165,-0.14364199340343475,-0.0025309999473392963;0.0
0.12487198412418365,-0.0748714730143547,-9.521739959716797;0.0;0.056199997663497925,-0.0502999983727932,-9.806300163269043;-0.003508111694827676,0.002740166848525405,-6.632251315750182E-4;-0.2718999981880188,-0.018199998885393143,-0.0885000005364418;0.0,0.0,0.0;0.0;-0.9896640181541443,-0.14335399866104126,-0.0024709999561309814;0.0
0.11880987137556076,-0.0847260132431984,-9.533960342407227;0.0;0.054499998688697815,-0.05079999938607216,-9.806300163269043;-0.0030194194987416267,0.00427605677396059,-0.0017802357906475663;-0.2603999972343445,0.0017999999690800905,-0.0885000005364418;0.0,0.0,0.0;0.0;-0.9897239804267883,-0.1429390013217926,-0.0023759999312460423;0.0
0.1255040466785431,-0.07267838716506958,-9.519489288330078;0.0;0.05609999969601631,-0.04939999803900719,-9.806300163269043;-0.003036872949451208,1.0471975838299841E-4,-8.726646046852693E-5;-0.2815999984741211,-0.028999999165534973,-0.0786999985575676;0.0,0.0,0.0;0.0;-0.9897339940071106,-0.14286500215530396,-0.0024739999789744616;0.0
0.30199503898620605,-0.0650360956788063,-9.499444961547852;0.0;0.05169999971985817,-0.05049999803304672,-9.806300163269043;-9.773843921720982E-4,0.0016231562476605177,-2.7925267932005227E-4;-0.38509997725486755,-0.037699997425079346,-0.049300000071525574;0.0,0.0,0.0;0.0;-0.9898179769515991,-0.14228999614715576,-0.0022440000902861357;0.0
0.5317713618278503,-0.025608381256461143,-9.612988471984863;0.0;0.055299997329711914,-0.04999999701976776,-9.806300163269043;-0.0030194194987416267,0.0051312679424881935,0.0017802357906475663;-0.32989999651908875,-0.0478999987244606,0.13699999451637268;0.0,0.0,0.0;0.0;-0.9898340106010437,-0.14217299222946167,-0.0024349999148398638;0.0
0.5229511260986328,-0.007441178895533085,-9.66938591003418;0.0;0.05469999834895134,-0.05009999871253967,-9.806300163269043;-0.004066617228090763,0.0023561944253742695,0.001343903481028974;-0.2410999983549118,-0.038100000470876694,0.1762000024318695;0.0,0.0,0.0;0.0;-0.9898779988288879,-0.14186899363994598,-0.0023759999312460423;0.0
0.5232288241386414,-0.031574733555316925,-9.676692962646484;0.0;0.05719999969005585,-0.05249999836087227,-9.806300163269043;-0.002687806962057948,0.006824237294495106,0.002478367416188121;-0.41999998688697815,-0.02589999884366989,-0.02969999983906746;0.0,0.0,0.0;0.0;-0.9899150133132935,-0.14160600304603577,-0.002506999997422099;0.0
0.4161984622478485,-0.022831108421087265,-9.77845573425293;0.0;0.056699998676776886,-0.052400000393390656,-9.806300163269043;-0.003403391921892762,0.0057246801443398,0.0031939526088535786;-0.4096999764442444,-0.04559999704360962,0.05849999934434891;0.0,0.0,0.0;0.0;-0.9899669885635376,-0.1412380039691925,-0.002489000093191862;0.0
0.14745409786701202,-0.034064702689647675,-9.885496139526367;0.0;0.05419999733567238,-0.05159999802708626,-9.806300163269043;-0.00663225119933486,-0.004014257341623306,-2.617993741296232E-4;0.2987000048160553,-0.0071000000461936,0.33309999108314514;0.0,0.0,0.0;0.0;-0.9900019764900208,-0.14100000262260437,-0.002369999885559082;0.0
-0.23053289949893951,-0.09355582296848297,-9.912866592407227;0.0;0.053599998354911804,-0.05159999802708626,-9.806300163269043;-0.004869468510150909,-2.7925267932005227E-4,-0.0017278759041801095;0.16200000047683716,-0.016999999061226845,0.33309999108314514;0.0,0.0,0.0;0.0;-0.9900349974632263,-0.14076299965381622,-0.0023350000847131014;0.0
-0.3820571303367615,-0.09014648199081421,-9.854208946228027;0.0;0.04969999939203262,-0.05049999803304672,-9.806300163269043;-0.004084070213139057,-0.0057246801443398,-0.0029845130629837513;0.3522999882698059,0.011299999430775642,0.3037000000476837;0.0,0.0,0.0;0.0;-0.9900799989700317,-0.14045800268650055,-0.0021490000654011965;0.0
-0.28561869263648987,-0.09662998467683792,-9.677698135375977;0.0;0.04999999701976776,-0.05069999769330025,-9.806300163269043;-0.0019373154500499368,0.003298672381788492,-0.002478367416188121;0.43039998412132263,0.05069999769330025,0.13699999451637268;0.0,0.0,0.0;0.0;-0.9901149868965149,-0.14020800590515137,-0.0021589999087154865;0.0
0.25882279872894287,-0.07000645250082016,-9.4935941696167;0.0;0.05159999802708626,-0.05179999768733978,-9.806300163269043;-0.0018151424592360854,0.0019896754529327154,-0.0012391837080940604;-0.05159999802708626,0.01249999925494194,-0.0885000005364418;0.0,0.0,0.0;0.0;-0.9901480078697205,-0.13997399806976318,-0.002240000059828162;0.0
0.5227500200271606,-0.031086314469575882,-9.637945175170898;0.0;0.05309999734163284,-0.051899999380111694,-9.806300163269043;-0.0021816615480929613,0.005113814491778612,5.061454721726477E-4;-0.43549999594688416,-0.03619999811053276,0.029099998995661736;0.0,0.0,0.0;0.0;-0.9901719689369202,-0.13979700207710266,-0.0023089998867362738;0.0
-0.07197927683591843,-0.06677907705307007,-9.913451194763184;0.0;0.053599998354911804,-0.05309999734163284,-9.806300163269043;-0.0019896754529327154,0.003089232835918665,-9.075712296180427E-4;0.09339999407529831,-0.025299999862909317,0.31349998712539673;0.0,0.0,0.0;0.0;-0.990198016166687,-0.139614999294281,-0.002328000031411648;0.0
-0.33198001980781555,-0.11938447505235672,-9.706572532653809;0.0;0.04859999939799309,-0.05469999834895134,-9.806300163269043;-0.0010821041651070118,0.00898844562470913,1.9198621157556772E-4;0.4513999819755554,0.04490000009536743,0.1762000024318695;0.0,0.0,0.0;0.0;-0.9902790188789368,-0.13903799653053284,-0.002070999937132001;0.0
0.254810094833374,-0.07684429734945297,-9.483299255371094;0.0;0.04800000041723251,-0.05559999868273735,-9.806300163269043;-0.0010122909443452954,5.061454721726477E-4,-0.00205948855727911;0.3633999824523926,0.045499999076128006,0.06830000132322311;0.0,0.0,0.0;0.0;-0.9903249740600586,-0.138714998960495,-0.0020570000633597374;0.0
0.1816432923078537,-0.02852930873632431,-9.850167274475098;0.0;0.04919999837875366,-0.05460000038146973,-9.806300163269043;-0.0038920841179788113,0.004293509759008884,0.0013788101496174932;-0.4315999746322632,-0.04339999705553055,0.029099998995661736;0.0,0.0,0.0;0.0;-0.9903579950332642,-0.138481006026268,-0.0020959998946636915;0.0
-0.3619075417518616,-0.09327810257673264,-9.843779563903809;0.0;0.05119999870657921,-0.05509999766945839,-9.806300163269043;-0.0026529005263000727,-0.0018500490114092827,-0.0031415927223861217;0.007599999662488699,-0.02319999970495701,0.3037000000476837;0.0,0.0,0.0;0.0;-0.9903950095176697,-0.13821099698543549,-0.002196999965235591;0.0
-0.07696879655122757,-0.10749965906143188,-9.550451278686523;0.0;0.0510999970138073,-0.05509999766945839,-9.806300163269043;-0.0032463124953210354,0.002007128670811653,-0.001972222002223134;0.46859997510910034,0.05509999766945839,0.24479998648166656;0.0,0.0,0.0;0.0;-0.9904270172119141,-0.13797800242900848,-0.0021929999347776175;0.0
0.5173869729042053,-0.037952885031700134,-9.53516674041748;0.0;0.050999999046325684,-0.05590000003576279,-9.806300163269043;-0.0033684854861348867,0.005654866807162762,0.001343903481028974;0.017500000074505806,0.026499999687075615,-0.03949999809265137;0.0,0.0,0.0;0.0;-0.9904569983482361,-0.13776500523090363,-0.0021869998890906572;0.0
0.17192283272743225,-0.0331740565598011,-9.848960876464844;0.0;0.05299999937415123,-0.055299997329711914,-9.806300163269043;-0.004188789986073971,-2.617993741296232E-4,4.886921960860491E-4;-0.42559999227523804,-0.03280000016093254,0.03889999911189079;0.0,0.0,0.0;0.0;-0.990477979183197,-0.13760900497436523,-0.00228599994443357;0.0
-0.3654317855834961,-0.09970413148403168,-9.849515914916992;0.0;0.05199999734759331,-0.055299997329711914,-9.806300163269043;-0.00427605677396059,-0.0026529005263000727,-0.0025830871891230345;0.03619999811053276,-0.013299999758601189,0.31349998712539673;0.0,0.0,0.0;0.0;-0.9905110001564026,-0.13737699389457703,-0.002237000036984682;0.0
-0.10423396527767181,-0.09632352739572525,-9.578770637512207;0.0;0.05920000001788139,-0.054899998009204865,-9.806300163269043;-0.0038920841179788113,0.0,-0.002775073517113924;0.4407999813556671,0.03529999777674675,0.25459998846054077;0.0,0.0,0.0;0.0;-0.9904879927635193,-0.1375339925289154,-0.0026030000299215317;0.0
0.46613192558288574,-0.04464707151055336,-9.507269859313965;0.0;0.04829999804496765,-0.05549999698996544,-9.806300163269043;-0.0021118484437465668,0.004136430099606514,0.0011344640515744686;0.12809999287128448,0.03590000048279762,-0.009999999776482582;0.0,0.0,0.0;0.0;-0.9905869960784912,-0.13683100044727325,-0.002053000032901764;0.0
0.3014204204082489,-0.026623522862792015,-9.807971954345703;0.0;0.0478999987244606,-0.055299997329711914,-9.806300163269043;-0.004241149872541428,1.5707963029854E-4,1.3962633966002613E-4;-0.44020000100135803,-0.032899998128414154,-0.01979999989271164;0.0,0.0,0.0;0.0;-0.9906219840049744,-0.13657300174236298,-0.002041999949142337;0.0
-0.36921462416648865,-0.08847054094076157,-9.863909721374512;0.0;0.04619999974966049,-0.053700000047683716,-9.806300163269043;-0.004468042869120836,-0.0023387412074953318,-0.0020943949930369854;0.0908999964594841,-0.014800000004470348,0.33309999108314514;0.0,0.0,0.0;0.0;-0.9906489849090576,-0.1363839954137802,-0.001964000053703785;0.0
-0.011358093470335007,-0.09026140719652176,-9.522112846374512;0.0;0.04429999738931656,-0.05309999734163284,-9.80639934539795;-0.003577925032004714,0.00251327408477664,-6.981316837482154E-4;0.47529998421669006,0.05309999734163284,0.18599998950958252;0.0,0.0,0.0;0.0;-0.9906759858131409,-0.1361909955739975,-0.0018749999580904841;0.0
0.5029930472373962,-0.03867114707827568,-9.53663158416748;0.0;0.041600000113248825,-0.05249999836087227,-9.80639934539795;-0.0025830871891230345,0.0010995573829859495,-0.001518436474725604;0.017099998891353607,0.023099999874830246,-0.06879999488592148;0.0,0.0,0.0;0.0;-0.9907140135765076,-0.13591699302196503,-0.0017430000007152557;0.0
0.22438457608222961,-0.039398983120918274,-9.838311195373535;0.0;0.03629999980330467,-0.05299999937415123,-9.80639934539795;-0.005218534264713526,-0.0034382985904812813,6.981316983001307E-5;-0.1833999902009964,0.0038999998942017555,-0.07859999686479568;0.0,0.0,0.0;0.0;-0.9907850027084351,-0.13540099561214447,-0.0014690000098198652;0.0
-0.2661873400211334,-0.10985555499792099,-9.647588729858398;0.0;0.03500000014901161,-0.05079999938607216,-9.80639934539795;-0.0044156829826533794,-0.0035953782498836517,-0.003717551240697503;0.1119999960064888,-0.017799999564886093,0.34299999475479126;0.0,0.0,0.0;0.0;-0.9908030033111572,-0.13526999950408936,-0.0014179999707266688;0.0
0.4643314778804779,-0.04186980053782463,-9.488116264343262;0.0;0.033299997448921204,-0.0510999970138073,-9.80639934539795;-0.0034208453726023436,0.005375613924115896,0.0011519172694534063;0.4372999966144562,0.041200000792741776,0.1468999981880188;0.0,0.0,0.0;0.0;-0.9908350110054016,-0.1350409984588623,-0.0013310000067576766;0.0
0.16481684148311615,-0.03452438861131668,-9.851996421813965;0.0;0.032999999821186066,-0.051500000059604645,-9.80639934539795;-0.004328416660428047,-6.457717972807586E-4,3.316125657875091E-4;-0.24869999289512634,-0.016999999061226845,-0.06879999488592148;0.0,0.0,0.0;0.0;-0.9908519983291626,-0.13491399586200714,-0.0013139999937266111;0.0
-0.39143282175064087,-0.09410169720649719,-9.797236442565918;0.0;0.03480000048875809,-0.05159999802708626,-9.80639934539795;-0.0031590459402650595,-0.002914699725806713,-0.002548180753365159;-0.22109998762607574,-0.02669999934732914,0.19589999318122864;0.0,0.0,0.0;0.0;-0.990884006023407,-0.13467299938201904,-0.0014070000033825636;0.0
0.17934486269950867,-0.07697837054729462,-9.46617603302002;0.0;0.032600000500679016,-0.050999999046325684,-9.80639934539795;-0.001483529806137085,0.0057246801443398,-0.0013962633674964309;0.41839998960494995,0.011799999512732029,0.32339999079704285;0.0,0.0,0.0;0.0;-0.9909039735794067,-0.13453100621700287,-0.001303000026382506;0.0
0.49634674191474915,-0.021815964952111244,-9.674613952636719;0.0;0.033900000154972076,-0.051500000059604645,-9.80639934539795;-0.0015707963611930609,0.004956734832376242,-6.108652451075613E-4;0.17189998924732208,0.03179999813437462,-0.029600000008940697;0.0,0.0,0.0;0.0;-0.9909260272979736,-0.13436999917030334,-0.0013640000252053142;0.0
-0.20226216316223145,-0.07498639822006226,-9.907713890075684;0.0;0.027699999511241913,-0.053599998354911804,-9.80639934539795;-0.0025307273026555777,0.0012740903766825795,-6.2831852119416E-4;-0.400299996137619,-0.04429999738931656,-9.999999747378752E-5;0.0,0.0,0.0;0.0;-0.9910339713096619,-0.1335739940404892,-0.0010349999647587538;0.0
