127.0
calibration_0001.txt
0.150700643658638,-0.09436027705669403,-9.690742492675781;0.0;0.14469999074935913,-0.08410000056028366,-9.80519962310791;-1.9198621157556772E-4,-0.0015882495790719986,-5.235987482592463E-4;-0.026999998837709427,-0.004100000020116568,0.14559999108314514;0.0,0.0,0.0;0.0;-0.7029129862785339,-0.7112240195274353,-0.0021379999816417694;0.0
0.15242445468902588,-0.10692504793405533,-9.693117141723633;0.0;0.15529999136924744,-0.15410000085830688,-9.804200172424316;0.002007128670811653,0.0016057029133662581,-0.001029744278639555;0.5996999740600586,-1.0715999603271484,0.39959999918937683;0.0,0.0,0.0;0.0;-0.70797199010849,-0.706151008605957,-7.499999628635123E-5;0.0
-0.6075621843338013,0.4039018154144287,-10.27380657196045;0.0;0.1606999933719635,-0.1551000028848648,-9.804100036621094;-0.0021642083302140236,-0.005777040030807257,-0.0021642083302140236;0.3098999857902527,0.7238999605178833,0.703499972820282;0.0,0.0,0.0;0.0;-0.7079799771308899,-0.7061399817466736,-2.3299999884329736E-4;0.0
0.9855587482452393,-0.6823953986167908,-9.132635116577148;0.0;0.16279999911785126,-0.15399999916553497,-9.803999900817871;7.330382941290736E-4,-0.0022689281031489372,-7.15585018042475E-4;-0.16279999911785126,-0.7676999568939209,-0.30649998784065247;0.0,0.0,0.0;0.0;-0.7079899907112122,-0.7061290144920349,-3.239999932702631E-4;0.0
0.17564821243286133,0.8242565989494324,-9.344339370727539;0.0;0.16529999673366547,-0.15410000085830688,-9.803999900817871;0.0018500490114092827,6.806784076616168E-4,-8.901178953237832E-4;0.8151999711990356,-0.12039999663829803,0.8210999965667725;0.0,0.0,0.0;0.0;-0.7079899907112122,-0.7061280012130737,-4.309999931138009E-4;0.0
-0.6325768232345581,0.01722867600619793,-10.337559700012207;0.0;0.16499999165534973,-0.15489999949932098,-9.803999900817871;-0.003263765713199973,-0.009162978269159794,-0.0038746309000998735;0.2368999868631363,0.7922999858856201,0.5954999923706055;0.0,0.0,0.0;0.0;-0.7079100012779236,-0.7062069773674011,-3.819999983534217E-4;0.0
0.5535585880279541,-1.0973680019378662,-9.694476127624512;0.0;0.16200000047683716,-0.15359999239444733,-9.804100036621094;0.004241149872541428,0.00753982225432992,-0.0022165682166814804;-0.8288999795913696,0.5654999613761902,-0.40459999442100525;0.0,0.0,0.0;0.0;-0.7079740166664124,-0.7061460018157959,-3.2699998700991273E-4;0.0
0.8418492078781128,0.12563812732696533,-8.991596221923828;0.0;0.15839999914169312,-0.15209999680519104,-9.804100036621094;0.0023038345389068127,0.009930923581123352,0.0035604715812951326;0.03759999945759773,-0.8676999807357788,-0.1298999935388565;0.0,0.0,0.0;0.0;-0.7079010009765625,-0.7062219977378845,-2.3700000019744039E-4;0.0
-0.5406777858734131,0.7756830453872681,-9.981101989746094;0.0;0.16040000319480896,-0.15209999680519104,-9.804100036621094;3.490658418741077E-4,0.0016231562476605177,0.0013089969288557768;0.8495999574661255,-0.4066999852657318,0.7231000065803528;0.0,0.0,0.0;0.0;-0.7078760266304016,-0.706246018409729,-3.0700000934302807E-4;0.0
-0.5157780647277832,-0.37594711780548096,-10.32341480255127;0.0;0.15950000286102295,-0.15129999816417694,-9.804100036621094;-0.0020769417751580477,-0.004974188283085823,-0.0025656339712440968;0.13459999859333038,0.8769999742507935,0.4975999891757965;0.0,0.0,0.0;0.0;-0.7078930139541626,-0.7062299847602844,-3.1800000579096377E-4;0.0
0.5682781338691711,-1.081039547920227,-9.641785621643066;0.0;0.15869998931884766,-0.14899998903274536,-9.804200172424316;4.7123889089562E-4,0.003036872949451208,-0.0022165682166814804;-0.6097999811172485,0.943399965763092,-0.11019999533891678;0.0,0.0,0.0;0.0;-0.7078790068626404,-0.7062450051307678,-3.220000071451068E-4;0.0
1.011109709739685,-0.6394050717353821,-9.124858856201172;0.0;0.15919999778270721,-0.14980000257492065,-9.804200172424316;4.886921960860491E-4,0.005550147034227848,5.2359879191499203E-5;-0.5809000134468079,-0.3208000063896179,-0.44369998574256897;0.0,0.0,0.0;0.0;-0.7078549861907959,-0.7062690258026123,-3.389999910723418E-4;0.0
0.7891863584518433,0.2631610631942749,-9.05562686920166;0.0;0.1581999957561493,-0.14659999310970306,-9.804200172424316;0.0,2.2689280740451068E-4,-7.679448463022709E-4;-0.1581999957561493,-0.7653999924659729,-0.22789999842643738;0.0,0.0,0.0;0.0;-0.7078329920768738,-0.706292986869812,-4.239999980200082E-4;0.0
0.8864579200744629,0.08975382894277573,-9.02468490600586;0.0;0.15539999306201935,-0.14549998939037323,-9.804299354553223;0.0025830871891230345,-0.0025830871891230345,-0.0014137167017906904;-0.6554999947547913,-0.20739999413490295,-0.44359999895095825;0.0,0.0,0.0;0.0;-0.707813024520874,-0.7063159942626953,-3.6700000055134296E-4;0.0
0.8749083280563354,0.06144479289650917,-9.05034065246582;0.0;0.15699999034404755,-0.14649999141693115,-9.804200172424316;0.003228859044611454,0.009075712412595749,0.0012915435945615172;-0.8237999677658081,0.38179999589920044,-0.42399999499320984;0.0,0.0,0.0;0.0;-0.7079240083694458,-0.7062029838562012,-4.0499999886378646E-4;0.0
1.0013221502304077,-0.5687282681465149,-9.138945579528809;0.0;0.16129998862743378,-0.1476999968290329,-9.804200172424316;0.0017802357906475663,0.005619960371404886,-0.0010821041651070118;-0.5044999718666077,1.0009000301361084,-0.02199999988079071;0.0,0.0,0.0;0.0;-0.7079569697380066,-0.7061659693717957,-5.119999987073243E-4;0.0
-0.40876683592796326,-0.5125219821929932,-10.179590225219727;0.0;0.1589999943971634,-0.14739999175071716,-9.804200172424316;-0.0023911010939627886,-0.00376991112716496,-0.004485496319830418;0.4292999804019928,0.5788999795913696,0.6349999904632568;0.0,0.0,0.0;0.0;-0.7079359889030457,-0.706188976764679,-4.3899999582208693E-4;0.0
-0.6766397356987,0.4254209101200104,-10.176065444946289;0.0;0.15869998931884766,-0.14810000360012054,-9.804200172424316;-4.1887903353199363E-4,-0.004502949304878712,-0.0024434609804302454;0.8513000011444092,-0.32259997725486755,0.7035999894142151;0.0,0.0,0.0;0.0;-0.7080399990081787,-0.7060850262641907,-3.9500001003034413E-4;0.0
-0.23816560208797455,0.8915049433708191,-9.745942115783691;0.0;0.15549999475479126,-0.14469999074935913,-9.804299354553223;-0.0013089969288557768,-0.003630284918472171,6.806784076616168E-4;0.4916999936103821,-0.8848999738693237,0.2525999844074249;0.0,0.0,0.0;0.0;-0.7079489827156067,-0.7061799764633179,-3.9400000241585076E-4;0.0
0.7884872555732727,0.25935906171798706,-9.108902931213379;0.0;0.15559999644756317,-0.14429999887943268,-9.804299354553223;-0.0021293016616255045,-9.773843921720982E-4,7.15585018042475E-4;-0.5282999873161316,-0.4341999888420105,-0.3552999794483185;0.0,0.0,0.0;0.0;-0.7079830169677734,-0.7061460018157959,-4.349999944679439E-4;0.0
0.03085647150874138,-0.9611953496932983,-9.947707176208496;0.0;0.156700000166893,-0.14319999516010284,-9.804299354553223;-0.0017278759041801095,-0.001658062799833715,-4.7123889089562E-4;-0.6568999886512756,0.8982999920845032,-0.1492999941110611;0.0,0.0,0.0;0.0;-0.7079910039901733,-0.7061370015144348,-5.06000011228025E-4;0.0
-0.582911491394043,0.6409373879432678,-10.05754280090332;0.0;0.15680000185966492,-0.14569999277591705,-9.804299354553223;5.2359879191499203E-5,0.0026354470755904913,-2.617993741296232E-4;0.7256999611854553,0.14569999277591705,0.7232999801635742;0.0,0.0,0.0;0.0;-0.7080879807472229,-0.7060390114784241,-4.1700000292621553E-4;0.0
0.9531221389770508,-0.09249279648065567,-9.09304428100586;0.0;0.14999999105930328,-0.14299999177455902,-9.804399490356445;4.5378561480902135E-4,0.003176499158143997,0.0045553091913461685;-0.47360000014305115,-0.5236999988555908,-0.3060999810695648;0.0,0.0,0.0;0.0;-0.7079229950904846,-0.7062100172042847,-2.899999963119626E-4;0.0
-0.2887119948863983,-0.6936864256858826,-10.08149528503418;0.0;0.15529999136924744,-0.1445000022649765,-9.804299354553223;0.003752457909286022,0.004694935865700245,-0.00331612559966743;-0.1062999963760376,0.9779999852180481,0.2624000012874603;0.0,0.0,0.0;0.0;-0.7078750133514404,-0.7062540054321289,-4.149999876972288E-4;0.0
-0.10870634019374847,0.8815929293632507,-9.668590545654297;0.0;0.1469999998807907,-0.14139999449253082,-9.804499626159668;-0.0029845130629837513,-0.008342674002051353,-8.901178953237832E-4;0.41189998388290405,-0.9077999591827393,0.21359999477863312;0.0,0.0,0.0;0.0;-0.7077860236167908,-0.7063490152359009,-2.0500000391621143E-4;0.0
0.8241704106330872,-0.9088868498802185,-9.388191223144531;0.0;0.1469999998807907,-0.13920000195503235,-9.804499626159668;3.316125657875091E-4,0.0010122909443452954,0.0023911010939627886;-0.804099977016449,0.37459999322891235,-0.37469998002052307;0.0,0.0,0.0;0.0;-0.707656979560852,-0.706479012966156,-2.7799999224953353E-4;0.0
-0.5833041667938232,0.6413683295249939,-10.064878463745117;0.0;0.15049999952316284,-0.14309999346733093,-9.804399490356445;-0.0017802357906475663,2.4434609804302454E-4,-0.003176499158143997;0.8398999571800232,-0.1607999950647354,0.6743999719619751;0.0,0.0,0.0;0.0;-0.7077980041503906,-0.7063339948654175,-2.7799999224953353E-4;0.0
0.93720543384552,-0.06204812973737717,-9.112581253051758;0.0;0.14749999344348907,-0.14149999618530273,-9.804499626159668;-4.0142572834156454E-4,-0.0019024088978767395,5.759586347267032E-4;-0.4318999946117401,-0.5546000003814697,-0.2865000069141388;0.0,0.0,0.0;0.0;-0.7076860070228577,-0.7064489722251892,-2.209999947808683E-4;0.0
-0.13039779663085938,-0.8527092933654785,-9.991847038269043;0.0;0.14999999105930328,-0.14169999957084656,-9.804399490356445;0.0011344640515744686,0.0011693706037476659,6.981316983001307E-5;-0.2578999996185303,1.004699945449829,0.0957999974489212;0.0,0.0,0.0;0.0;-0.707656979560852,-0.7064769864082336,-3.0700000934302807E-4;0.0
0.5995942950248718,0.4903995394706726,-9.25999641418457;0.0;0.14839999377727509,-0.14319999516010284,-9.804399490356445;1.3962633966002613E-4,-0.0010995573829859495,3.8397242315113544E-4;0.5967999696731567,-0.8079999685287476,0.37039998173713684;0.0,0.0,0.0;0.0;-0.7077969908714294,-0.7063369750976562,-2.2200000239536166E-4;0.0
-0.3215700089931488,-0.6458311080932617,-10.078842163085938;0.0;0.155799999833107,-0.1468999981880188,-9.804299354553223;0.002914699725806713,0.014556045643985271,8.726646046852693E-5;-0.038100000470876694,0.9607999920845032,0.27219998836517334;0.0,0.0,0.0;0.0;-0.7078869938850403,-0.7062399983406067,-3.3599999733269215E-4;0.0
0.4987601041793823,0.5865027904510498,-9.324525833129883;0.0;0.1445000022649765,-0.14249999821186066,-9.804499626159668;-0.0034732052590698004,-0.009285151958465576,2.2689280740451068E-4;0.08100000023841858,-0.8968999981880188,0.03709999844431877;0.0,0.0,0.0;0.0;-0.7078089714050293,-0.7063279747962952,-5.999999848427251E-5;0.0
-0.10977894067764282,-0.8414373993873596,-9.984329223632812;0.0;0.15719999372959137,-0.1467999964952469,-9.804200172424316;0.0034382985904812813,0.008604473434388638,-2.9670598451048136E-4;-0.24539999663829803,1.0,0.1152999997138977;0.0,0.0,0.0;0.0;-0.7078440189361572,-0.7062829732894897,-3.9500001003034413E-4;0.0
-0.2181117683649063,0.8635406494140625,-9.757185935974121;0.0;0.15359999239444733,-0.14509999752044678,-9.804299354553223;-0.003298672381788492,-0.00830776710063219,-0.0021642083302140236;0.7190999984741211,-0.6686999797821045,0.49779999256134033;0.0,0.0,0.0;0.0;-0.7077959775924683,-0.7063329815864563,-3.1900001340545714E-4;0.0
0.9382588863372803,-0.7007253766059875,-9.271306991577148;0.0;0.15299999713897705,-0.14159999787807465,-9.804399490356445;0.0015707963611930609,0.005969026125967503,0.0010122909443452954;-0.6628999710083008,-0.21130000054836273,-0.34540000557899475;0.0,0.0,0.0;0.0;-0.7077149748802185,-0.7064170241355896,-4.2600001324899495E-4;0.0
-0.669179379940033,0.031881190836429596,-10.196531295776367;0.0;0.15860000252723694,-0.1467999964952469,-9.804200172424316;0.0018325956771150231,0.0029321531765162945,-0.001343903481028974;0.30230000615119934,0.7547999620437622,0.4584999978542328;0.0,0.0,0.0;0.0;-0.7078959941864014,-0.7062299847602844,-4.55000001238659E-4;0.0
0.9251578450202942,-0.017592594027519226,-9.164908409118652;0.0;0.15379999577999115,-0.14419999718666077,-9.804299354553223;5.2359879191499203E-5,0.0013613568153232336,8.203047327697277E-4;-0.16359999775886536,-0.7579999566078186,-0.10029999911785126;0.0,0.0,0.0;0.0;-0.7077950239181519,-0.7063350081443787,-3.800000122282654E-4;0.0
-0.6691218614578247,0.23462219536304474,-10.157610893249512;0.0;0.15709999203681946,-0.14459998905658722,-9.804299354553223;2.9670598451048136E-4,0.0017802357906475663,8.377580670639873E-4;-0.14729999005794525,0.9684000015258789,0.2035999894142151;0.0,0.0,0.0;0.0;-0.7079259753227234,-0.70620197057724,-4.6400001156143844E-4;0.0
0.9671042561531067,-0.14082695543766022,-9.145639419555664;0.0;0.15449999272823334,-0.14149999618530273,-9.804399490356445;-0.001343903481028974,-0.005375613924115896,0.0025307273026555777;0.31610000133514404,-0.8880999684333801,0.18400000035762787;0.0,0.0,0.0;0.0;-0.7080140113830566,-0.7061169743537903,-4.939999780617654E-4;0.0
-0.5775484442710876,-0.2511613368988037,-10.166996955871582;0.0;0.16449999809265137,-0.1469999998807907,-9.804100036621094;0.003054326167330146,0.0036128314677625895,-0.00296705961227417;0.1589999943971634,0.8824999928474426,0.3504999876022339;0.0,0.0,0.0;0.0;-0.7082260251045227,-0.7058950066566467,-6.600000197067857E-4;0.0
0.8612231016159058,0.15326720476150513,-9.202851295471191;0.0;0.15799999237060547,-0.14469999074935913,-9.804299354553223;-0.0017278759041801095,-0.0046774824149906635,0.002740166848525405;-0.10899999737739563,-0.8161999583244324,-0.06109999865293503;0.0,0.0,0.0;0.0;-0.7082909941673279,-0.7058349847793579,-5.050000036135316E-4;0.0
-0.3899771571159363,-0.5775197744369507,-10.080699920654297;0.0;0.16380000114440918,-0.1462000012397766,-9.804100036621094;0.003525565145537257,0.004712388850748539,-0.0027576202992349863;-0.1833999902009964,0.9896000027656555,0.14459998905658722;0.0,0.0,0.0;0.0;-0.7082579731941223,-0.7058640122413635,-6.510000093840063E-4;0.0
0.6357563734054565,0.5016618371009827,-9.286160469055176;0.0;0.15969999134540558,-0.14549998939037323,-9.804200172424316;-8.901178953237832E-4,-3.316125657875091E-4,0.0010122909443452954;0.21289999783039093,-0.8938999772071838,0.1151999980211258;0.0,0.0,0.0;0.0;-0.7084019780158997,-0.7057219743728638,-5.099999834783375E-4;0.0
-0.26642677187919617,-0.731859564781189,-10.026802062988281;0.0;0.16290000081062317,-0.1445000022649765,-9.804200172424316;0.0011344640515744686,0.0028448866214603186,-5.235987482592463E-4;-0.6140999794006348,0.889799952507019,-0.10040000081062317;0.0,0.0,0.0;0.0;-0.7083309888839722,-0.7057920098304749,-6.949999951757491E-4;0.0
0.28214231133461,0.7521432638168335,-9.481450080871582;0.0;0.15760000050067902,-0.1454000025987625,-9.804299354553223;-9.075712296180427E-4,-0.004258603323251009,-0.0015882495790719986;0.6072999835014343,-0.7566999793052673,0.39969998598098755;0.0,0.0,0.0;0.0;-0.7084130048751831,-0.7057129740715027,-4.710000066552311E-4;0.0
-0.09339302033185959,-0.8770343661308289,-9.933064460754395;0.0;0.15869998931884766,-0.1428000032901764,-9.804299354553223;0.0020420351065695286,-0.003508111694827676,3.1415926059708E-4;-0.7960999608039856,0.08399999886751175,-0.34549999237060547;0.0,0.0,0.0;0.0;-0.708076000213623,-0.7060520052909851,-5.769999697804451E-4;0.0
-0.06331226974725723,0.8442050814628601,-9.66806411743164;0.0;0.16009999811649323,-0.1460999995470047,-9.804200172424316;-0.0038397242315113544,-0.008883725851774216,-0.0019373154500499368;0.5654999613761902,0.5285999774932861,0.5662999749183655;0.0,0.0,0.0;0.0;-0.7083359956741333,-0.7057880163192749,-5.169999785721302E-4;0.0
0.8309986591339111,-0.8584936857223511,-9.401819229125977;0.0;0.1509999930858612,-0.13660000264644623,-9.804499626159668;0.0017278759041801095,-0.0027576202992349863,-0.001029744278639555;-0.6315999627113342,-0.31439998745918274,-0.3060999810695648;0.0,0.0,0.0;0.0;-0.7078700065612793,-0.7062649726867676,-5.26999996509403E-4;0.0
-0.6468558311462402,0.34762850403785706,-10.096339225769043;0.0;0.15699999034404755,-0.1410999894142151,-9.804299354553223;-0.00143117003608495,-0.004171337001025677,-0.004834562074393034;0.5881999731063843,0.47450000047683716,0.5566999912261963;0.0,0.0,0.0;0.0;-0.7079269886016846,-0.7062029838562012,-5.90000010561198E-4;0.0
0.9486976265907288,-0.04568136855959892,-9.168413162231445;0.0;0.15070000290870667,-0.13689999282360077,-9.804499626159668;-0.0010122909443452954,0.0025656339712440968,0.00376991112716496;0.04529999941587448,-0.8632999658584595,0.03709999844431877;0.0,0.0,0.0;0.0;-0.7078890204429626,-0.706246018409729,-5.099999834783375E-4;0.0
