127.0
calibration_0006.txt
-0.008599972352385521,0.010678139515221119,-9.681998252868652;0.0;0.1419999897480011,0.3111000061035156,-9.800600051879883;-0.0021816615480929613,0.0028623400721699,-0.0017278759041801095;-0.1419999897480011,-0.3111000061035156,0.11169999837875366;0.0,0.0,0.0;0.0;0.9989190101623535,0.04308599978685379,0.007918999530375004;0.0
0.014872781001031399,0.03578852862119675,-9.730457305908203;0.0;0.13809999823570251,0.31189998984336853,-9.800700187683105;-0.005567600484937429,0.0016755161341279745,1.0471975838299841E-4;-0.10869999974966049,-0.027499999850988388,-0.0058999997563660145;0.0,0.0,0.0;0.0;0.9989129900932312,0.043226998299360275,0.007672999985516071;0.0
0.4903133511543274,-0.04360320419073105,-9.408523559570312;0.0;0.13580000400543213,0.3154999911785126,-9.800600051879883;-0.0013962633674964309,0.00954695139080286,0.0011868239380419254;0.7172999978065491,-0.1290999948978424,0.48429998755455017;0.0,0.0,0.0;0.0;0.9988999962806702,0.043494001030921936,0.007621000055223703;0.0
-0.950833261013031,-0.24970565736293793,-10.051730155944824;0.0;0.13490000367164612,0.3179999887943268,-9.80049991607666;-0.004747295752167702,-0.004171337001025677,-0.003979350905865431;-1.0468999147415161,-0.6513999700546265,-0.1825999915599823;0.0,0.0,0.0;0.0;0.9988840222358704,0.04381300136446953,0.007586000021547079;0.0
0.8464173674583435,0.35884296894073486,-9.374074935913086;0.0;0.13689999282360077,0.3211999833583832,-9.800399780273438;-0.002809980185702443,-0.0011868239380419254,5.2359879191499203E-5;0.421999990940094,0.021900000050663948,0.3172999918460846;0.0,0.0,0.0;0.0;0.9988700151443481,0.04404899850487709,0.007695999927818775;0.0
-0.5922009944915771,-0.3313383460044861,-9.833972930908203;0.0;0.13660000264644623,0.3236999809741974,-9.800299644470215;-0.002234021434560418,0.008133234456181526,-1.9198621157556772E-4;-0.8622999787330627,-0.6571999788284302,-0.055299997329711914;0.0,0.0,0.0;0.0;0.9988560080528259,0.044321998953819275,0.007691000122576952;0.0
0.7890235781669617,0.35659241676330566,-9.430922508239746;0.0;0.1339000016450882,0.3262999951839447,-9.800299644470215;-0.0022165682166814804,3.490658491500653E-5,-8.203047327697277E-4;0.856499969959259,-0.012399999424815178,0.4740999937057495;0.0,0.0,0.0;0.0;0.9988459944725037,0.044519998133182526,0.007563999854028225;0.0
-1.0346782207489014,-0.27284324169158936,-10.01003360748291;0.0;0.13529999554157257,0.32829999923706055,-9.800199508666992;-0.003979350905865431,0.0017802357906475663,-0.002146754879504442;-0.5374000072479248,-0.2498999983072281,-0.055399999022483826;0.0,0.0,0.0;0.0;0.9988309741020203,0.04481000080704689,0.007644999772310257;0.0
0.10471280664205551,-0.14365209639072418,-9.590923309326172;0.0;0.1370999962091446,0.3294000029563904,-9.80009937286377;-0.003857177682220936,0.0022165682166814804,-3.316125657875091E-4;-1.1275999546051025,-0.652999997138977,-0.15349999070167542;0.0,0.0,0.0;0.0;0.9988229870796204,0.04494199901819229,0.007741000037640333;0.0
1.0210120677947998,0.2789723873138428,-9.362813949584961;0.0;0.13729999959468842,0.3312999904155731,-9.800000190734863;-0.0038222710136324167,0.002914699725806713,-2.4434609804302454E-4;-0.5099999904632568,-0.5862999558448792,0.07180000096559525;0.0,0.0,0.0;0.0;0.9988150000572205,0.04509200155735016,0.007759000174701214;0.0
0.7544321417808533,0.3362991213798523,-9.499483108520508;0.0;0.1348000019788742,0.3342999815940857,-9.800000190734863;-0.0037873645778745413,-1.7453292093705386E-4,-0.002740166848525405;0.0023999998811632395,-0.4616999924182892,0.23849999904632568;0.0,0.0,0.0;0.0;0.9987999796867371,0.04537300020456314,0.00764299975708127;0.0
0.38538026809692383,0.2765973210334778,-9.636423110961914;0.0;0.14019998908042908,0.33709999918937683,-9.799799919128418;-0.0039618974551558495,1.7453292457503267E-5,-0.0015533430268988013;0.1832999885082245,-0.3958999812602997,0.2971999943256378;0.0,0.0,0.0;0.0;0.9987819790840149,0.045687999576330185,0.007930000312626362;0.0
0.33152031898498535,0.2766643762588501,-9.645903587341309;0.0;0.13840000331401825,0.33739998936653137,-9.799799919128418;-0.0026179938577115536,-1.7453292093705386E-4,-0.001972222002223134;0.21459999680519104,-0.3667999804019928,0.32659998536109924;0.0,0.0,0.0;0.0;0.9987750053405762,0.04584699869155884,0.007841999642550945;0.0
0.9139912724494934,0.3463069200515747,-9.426738739013672;0.0;0.14229999482631683,0.3398999869823456,-9.799699783325195;-0.0027576202992349863,9.075712296180427E-4,1.3962633966002613E-4;0.661799967288971,-0.2418999969959259,0.4342999756336212;0.0,0.0,0.0;0.0;0.9987599849700928,0.04608200117945671,0.008049000054597855;0.0
0.8689706921577454,0.3381762206554413,-9.420503616333008;0.0;0.14409999549388885,0.34119999408721924,-9.799599647521973;-0.004363323096185923,-0.0034732052590698004,6.632251315750182E-4;0.914900004863739,-0.027400000020861626,0.46369999647140503;0.0,0.0,0.0;0.0;0.9987480044364929,0.0463079996407032,0.008147000335156918;0.0
0.10749965906143188,0.21209754049777985,-9.664578437805176;0.0;0.14810000360012054,0.3416000008583069,-9.79949951171875;-0.004974188283085823,-0.008517206646502018,-0.002687806962057948;0.6656999588012695,0.001500000013038516,0.35569998621940613;0.0,0.0,0.0;0.0;0.9987369775772095,0.04649899899959564,0.008359000086784363;0.0
-0.456143319606781,0.04338293522596359,-9.8148193359375;0.0;0.14389999210834503,0.343999981880188,-9.79949951171875;-0.0047996556386351585,-0.007888888008892536,-0.005148721393197775;0.3658999800682068,-0.06939999759197235,0.24779999256134033;0.0,0.0,0.0;0.0;0.9987300038337708,0.04663499817252159,0.008151999674737453;0.0
-0.7960816621780396,-0.07308061420917511,-9.874195098876953;0.0;0.1468999981880188,0.3449999988079071,-9.799399375915527;-0.0019547687843441963,0.002373647876083851,-0.00563741335645318;0.10799999535083771,-0.12929999828338623,0.15950000286102295;0.0,0.0,0.0;0.0;0.9987180233001709,0.046856001019477844,0.008310999721288681;0.0
-0.957096517086029,-0.13665145635604858,-9.919100761413574;0.0;0.14669999480247498,0.34610000252723694,-9.799399375915527;-0.0038920841179788113,-0.001518436474725604,-0.003717551240697503;0.25529998540878296,-0.11069999635219574,0.18889999389648438;0.0,0.0,0.0;0.0;0.9987109899520874,0.04698200151324272,0.008306000381708145;0.0
-0.8654273152351379,-0.10168652981519699,-9.917693138122559;0.0;0.14720000326633453,0.3495999872684479,-9.799300193786621;-0.0049916417337954044,-0.0013089969288557768,-0.0035604715812951326;0.4900999963283539,-0.055399999022483826,0.2671999931335449;0.0,0.0,0.0;0.0;0.9986929893493652,0.04730600118637085,0.008344999514520168;0.0
-0.6155492663383484,-0.01649126037955284,-9.846441268920898;0.0;0.14749999344348907,0.35009998083114624,-9.799200057983398;-0.0029845130629837513,-6.2831852119416E-4,-0.00331612559966743;0.8623999953269958,-0.026499999687075615,0.3849000036716461;0.0,0.0,0.0;0.0;0.9986839890480042,0.0474729984998703,0.008364999666810036;0.0
0.16250883042812347,0.2066483348608017,-9.686394691467285;0.0;0.14259999990463257,0.34950000047683716,-9.799300193786621;-0.002827433403581381,-0.0023387412074953318,-0.0013264502631500363;0.6419000029563904,-0.2514999806880951,0.3652999997138977;0.0,0.0,0.0;0.0;0.9986969828605652,0.04726000130176544,0.008107000030577183;0.0
1.0035918951034546,0.3260040879249573,-9.47863483428955;0.0;0.13759998977184296,0.3490999937057495,-9.799399375915527;-0.0026703537441790104,5.410520825535059E-4,-0.0018151424592360854;-0.3238999843597412,-0.5157999992370605,0.13009999692440033;0.0,0.0,0.0;0.0;0.9987009763717651,0.047217000275850296,0.007853000424802303;0.0
0.9195458292961121,0.1473679095506668,-9.439724922180176;0.0;0.13740000128746033,0.3495999872684479,-9.799399375915527;-0.0015358896926045418,0.00296705961227417,-0.0013613568153232336;-1.2258999347686768,-0.6437999606132507,-0.09539999812841415;0.0,0.0,0.0;0.0;0.9986950159072876,0.04733100160956383,0.007842999882996082;0.0
-0.22598391771316528,-0.1819976419210434,-9.69876766204834;0.0;0.14079999923706055,0.3515999913215637,-9.799300193786621;-0.0050090947188436985,0.005148721393197775,-4.886921960860491E-4;0.2906000018119812,-0.09669999778270721,0.16910000145435333;0.0,0.0,0.0;0.0;0.9986860156059265,0.047446999698877335,0.00802600011229515;0.0
-0.7079654335975647,-0.03950433060526848,-9.884413719177246;0.0;0.141199991106987,0.35439997911453247,-9.799200057983398;-0.003543018363416195,-0.002722713630646467,-0.0062831854447722435;0.49609997868537903,-0.2856999933719635,0.3455999791622162;0.0,0.0,0.0;0.0;0.998665988445282,0.04781299829483032,0.008059999905526638;0.0
-0.5722812414169312,-0.23773464560508728,-9.751287460327148;0.0;0.1412999927997589,0.3563999831676483,-9.799099922180176;-0.0036128314677625895,0.005445427261292934,-0.0010995573829859495;-1.2494999170303345,-0.6114000082015991,-0.1152999997138977;0.0,0.0,0.0;0.0;0.9986519813537598,0.04807800054550171,0.008073999546468258;0.0
-0.5722812414169312,-0.23773464560508728,-9.751287460327148;0.0;0.1437000036239624,0.3580999970436096,-9.798999786376953;-0.0036128314677625895,0.005445427261292934,-0.0010995573829859495;0.6603999733924866,-0.08349999785423279,0.2669000029563904;0.0,0.0,0.0;0.0;0.9986400008201599,0.04827199876308441,0.008201000280678272;0.0
0.71873939037323,0.07846277952194214,-9.476241111755371;0.0;0.14239999651908875,0.35819998383522034,-9.798999786376953;-0.004625122528523207,6.108652451075613E-4,1.9198621157556772E-4;0.5733999609947205,-0.2895999848842621,0.33559998869895935;0.0,0.0,0.0;0.0;0.9986370205879211,0.04832899942994118,0.00814099982380867;0.0
-1.0937670469284058,-0.2879554033279419,-9.892343521118164;0.0;0.14149999618530273,0.35989999771118164,-9.798999786376953;-0.004625122528523207,6.108652451075613E-4,1.9198621157556772E-4;-0.9161999821662903,-0.4382999837398529,-0.06639999896287918;0.0,0.0,0.0;0.0;0.9986289739608765,0.04847100004553795,0.008097999729216099;0.0
0.2029804289340973,0.1966884583234787,-9.714962005615234;0.0;0.14409999549388885,0.36069998145103455,-9.79889965057373;-0.0033335788175463676,-0.001658062799833715,-0.0016231562476605177;0.051899999380111694,-0.17440000176429749,0.09030000120401382;0.0,0.0,0.0;0.0;0.998619019985199,0.048656001687049866,0.008237999863922596;0.0
0.9697378277778625,0.18905574083328247,-9.45302677154541;0.0;0.14639998972415924,0.36229997873306274,-9.798799514770508;-0.002234021434560418,0.006422811653465033,0.001483529806137085;0.8144999742507935,-0.1858000010251999,0.35499998927116394;0.0,0.0,0.0;0.0;0.9985979795455933,0.0490339994430542,0.00836700014770031;0.0
-0.5930246114730835,-0.23062866926193237,-9.764264106750488;0.0;0.1444000005722046,0.36319997906684875,-9.798799514770508;-0.005166174378246069,0.0017976891249418259,-0.001745329238474369;-0.7229999899864197,-0.5888000130653381,0.041200000792741776;0.0,0.0,0.0;0.0;0.9985989928245544,0.04900899901986122,0.008264999836683273;0.0
-0.41734766960144043,0.02987963706254959,-9.810749053955078;0.0;0.14589999616146088,0.3651999831199646,-9.798699378967285;-0.005305801052600145,-0.00125663704238832,-0.0015009831404313445;-0.5479999780654907,-0.3455999791622162,-0.007799999788403511;0.0,0.0,0.0;0.0;0.9985849857330322,0.049233000725507736,0.008352999575436115;0.0
0.8541458249092102,0.15836207568645477,-9.458409309387207;0.0;0.14639998972415924,0.36809998750686646,-9.798600196838379;-0.003281218931078911,4.886921960860491E-4,-0.0013613568153232336;0.6969000101089478,-0.22100000083446503,0.3547999858856201;0.0,0.0,0.0;0.0;0.9985610246658325,0.049658000469207764,0.008391999639570713;0.0
-0.9060903787612915,-0.15366944670677185,-9.883169174194336;0.0;0.14639998972415924,0.36910000443458557,-9.798600196838379;-0.0032463124953210354,0.0012042771559208632,-0.005497787147760391;-1.0388000011444092,-0.5162000060081482,-0.06679999828338623;0.0,0.0,0.0;0.0;0.9985510110855103,0.04983999952673912,0.008399000391364098;0.0
1.1109095811843872,0.303240031003952,-9.460132598876953;0.0;0.1492999941110611,0.3700000047683716,-9.798500061035156;-0.0021642083302140236,5.934119690209627E-4,0.002548180753365159;0.38999998569488525,-0.13459999859333038,0.14869999885559082;0.0,0.0,0.0;0.0;0.9985340237617493,0.05015299841761589,0.008554000407457352;0.0
-0.6249344944953918,-0.223551407456398,-9.7469482421875;0.0;0.14479999244213104,0.37059998512268066,-9.798500061035156;-0.004764748737215996,0.0033684854861348867,-0.0021118484437465668;0.35519999265670776,-0.35099998116493225,0.28610000014305115;0.0,0.0,0.0;0.0;0.9985299706459045,0.05025700107216835,0.008329000324010849;0.0
-0.5125027894973755,-0.006014234386384487,-9.809427261352539;0.0;0.14299999177455902,0.369299978017807,-9.798600196838379;-0.003717551240697503,-0.0036826448049396276,-0.004590216092765331;-1.2412999868392944,-0.6143999695777893,-0.06679999828338623;0.0,0.0,0.0;0.0;0.998537003993988,0.050158001482486725,0.008229999803006649;0.0
1.043182373046875,0.24195802211761475,-9.462871551513672;0.0;0.1454000025987625,0.36969998478889465,-9.798500061035156;-0.0013264502631500363,0.005061454605311155,0.001029744278639555;0.7174999713897705,-0.0754999965429306,0.24689999222755432;0.0,0.0,0.0;0.0;0.9985299706459045,0.050259001553058624,0.00835500005632639;0.0
-0.993258535861969,-0.2693955600261688,-9.844372749328613;0.0;0.14720000326633453,0.3691999912261963,-9.798500061035156;-0.001483529806137085,0.005672320257872343,-0.0019024088978767395;-0.23549999296665192,-0.47699999809265137,0.17819999158382416;0.0,0.0,0.0;0.0;0.9985299706459045,0.050269000232219696,0.008446999825537205;0.0
0.2067728489637375,0.15586254000663757,-9.703201293945312;0.0;0.14829999208450317,0.3698999881744385,-9.798500061035156;-0.0010471974965184927,0.0013788101496174932,-0.0014660765882581472;-0.9818999767303467,-0.4875999987125397,-0.057099997997283936;0.0,0.0,0.0;0.0;0.9985219836235046,0.05039700120687485,0.008508999831974506;0.0
1.021203637123108,0.2151525467634201,-9.459260940551758;0.0;0.14649999141693115,0.37199997901916504,-9.798399925231934;-0.0027925267349928617,0.003508111694827676,0.001518436474725604;0.7163999676704407,-0.0973999947309494,0.26639997959136963;0.0,0.0,0.0;0.0;0.9985190033912659,0.05042099952697754,0.008421000093221664;0.0
-0.18181566894054413,-0.12091676145792007,-9.653325080871582;0.0;0.14159999787807465,0.3702999949455261,-9.798600196838379;-0.003054326167330146,0.0012915435945615172,1.5707963029854E-4;0.7310999631881714,-0.21329998970031738,0.30570000410079956;0.0,0.0,0.0;0.0;0.998524010181427,0.05040600150823593,0.00816699955612421;0.0
-1.0834623575210571,-0.22884738445281982,-9.88126277923584;0.0;0.13910000026226044,0.369299978017807,-9.798699378967285;-0.002007128670811653,-0.00125663704238832,-0.0037873645778745413;-0.9530999660491943,-0.6243000030517578,0.0017999999690800905;0.0,0.0,0.0;0.0;0.9985269904136658,0.050383999943733215,0.008038000203669071;0.0
0.043612778186798096,0.10590990632772446,-9.71838092803955;0.0;0.14159999787807465,0.36969998478889465,-9.798600196838379;-0.003054326167330146,0.00143117003608495,-0.0013962633674964309;-1.171299934387207,-0.5559999942779541,-0.09619999676942825;0.0,0.0,0.0;0.0;0.998520016670227,0.05048099905252457,0.00816699955612421;0.0
0.7616913318634033,0.256926566362381,-9.591641426086426;0.0;0.13859999179840088,0.3698999881744385,-9.798600196838379;-0.0017976891249418259,0.0022689281031489372,-0.0015009831404313445;-0.5798999667167664,-0.3797000050544739,-0.007899999618530273;0.0,0.0,0.0;0.0;0.9985150098800659,0.050599999725818634,0.00801599957048893;0.0
0.6213335990905762,0.09718543291091919,-9.537139892578125;0.0;0.1396999955177307,0.3698999881744385,-9.798600196838379;-8.726646192371845E-4,0.008674286305904388,0.0038222710136324167;0.9684000015258789,-0.07569999992847443,0.3351999819278717;0.0,0.0,0.0;0.0;0.9985020160675049,0.05084700137376785,0.008076000027358532;0.0
0.016146495938301086,-0.04919605702161789,-9.613016128540039;0.0;0.14219999313354492,0.37139999866485596,-9.798500061035156;-0.0019896754529327154,0.007400196045637131,0.0014660765882581472;0.6128000020980835,-0.10659999400377274,0.2369999885559082;0.0,0.0,0.0;0.0;0.9984909892082214,0.051017001271247864,0.00820900034159422;0.0
-0.5627235770225525,-0.19394949078559875,-9.715421676635742;0.0;0.1412999927997589,0.37070000171661377,-9.798600196838379;-0.00457276264205575,0.004066617228090763,-0.0013264502631500363;0.9275999665260315,-0.08630000054836273,0.3252999782562256;0.0,0.0,0.0;0.0;0.9984909892082214,0.05104999989271164,0.008162999525666237;0.0
