90.0
calibration_0004.txt
0.2209848165512085,0.24339455366134644,-9.690568923950195;0.0;0.2215999960899353,0.2491999864578247,-9.800899505615234;8.552113431505859E-4,0.002740166848525405,5.934119690209627E-4;0.0038999998942017555,-0.013799999840557575,0.1119999960064888;0.0,0.0,0.0;0.0;0.9962549805641174,0.08477500081062317,0.012335999868810177;0.0
1.0168653726577759,0.5664010643959045,-9.864216804504395;0.0;0.24289999902248383,0.26589998602867126,-9.800000190734863;-9.773843921720982E-4,-0.002722713630646467,2.7925267932005227E-4;0.8258999586105347,0.1850999891757965,-0.15369999408721924;0.0,0.0,0.0;0.0;0.9960690140724182,0.08664900064468384,0.013516999781131744;0.0
-0.1514476239681244,0.45379698276519775,-9.42396068572998;0.0;0.24199999868869781,0.2671000063419342,-9.800000190734863;-2.7925267932005227E-4,0.007260569836944342,-0.007120943162590265;-0.8892999887466431,-0.16899999976158142,0.3757999837398529;0.0,0.0,0.0;0.0;0.9960780143737793,0.08653699606657028,0.013477000407874584;0.0
0.5374791026115417,0.013321338221430779,-9.930994987487793;0.0;0.23979999125003815,0.26669999957084656,-9.800000190734863;0.0014137167017906904,-0.005113814491778612,0.005864306353032589;0.8093999624252319,0.04699999839067459,-0.16339999437332153;0.0,0.0,0.0;0.0;0.9960879683494568,0.0864500030875206,0.013358999975025654;0.0
0.6886777281761169,0.6303933262825012,-9.65815258026123;0.0;0.23929999768733978,0.26669999957084656,-9.800000190734863;-0.0017976891249418259,0.003089232835918665,5.934119690209627E-4;-0.23929999768733978,0.21369999647140503,0.3561999797821045;0.0,0.0,0.0;0.0;0.9961100220680237,0.08619900047779083,0.013333000242710114;0.0
-0.6267732381820679,0.11106222867965698,-9.433011054992676;0.0;0.24069999158382416,0.2654999792575836,-9.800000190734863;-1.7453292457503267E-5,0.0021293016616255045,-0.008115780539810658;-0.6819999814033508,-0.3734000027179718,0.2287999987602234;0.0,0.0,0.0;0.0;0.9961010217666626,0.08630000054836273,0.013399999588727951;0.0
0.33681628108024597,-0.05702031031250954,-9.91135311126709;0.0;0.23999999463558197,0.2655999958515167,-9.80009937286377;3.8397242315113544E-4,-1.7453292093705386E-4,0.003281218931078911;0.6718999743461609,-0.059699997305870056,-0.19280000030994415;0.0,0.0,0.0;0.0;0.9961249828338623,0.08602400124073029,0.01336000021547079;0.0
1.0063787698745728,0.594164252281189,-9.80605697631836;0.0;0.24059998989105225,0.26589998602867126,-9.800000190734863;-0.0019024088978767395,-0.0014137167017906904,0.0011693706037476659;0.1809999942779541,0.34199997782707214,0.2483999878168106;0.0,0.0,0.0;0.0;0.9961310029029846,0.08594600111246109,0.013392999768257141;0.0
-0.5089114904403687,0.22896230220794678,-9.359614372253418;0.0;0.24469999969005585,0.2667999863624573,-9.79990005493164;-7.853981805965304E-4,6.806784076616168E-4,-0.0037350046914070845;-0.8233000040054321,-0.3157999813556671,0.32670000195503235;0.0,0.0,0.0;0.0;0.9961199760437012,0.08604399859905243,0.013605999760329723;0.0
0.009011775255203247,-0.12019850313663483,-9.799696922302246;0.0;0.24719999730587006,0.26659998297691345,-9.79990005493164;-5.759586347267032E-4,-0.002024581888690591,2.2689280740451068E-4;0.8118999600410461,0.10599999874830246,-0.15379999577999115;0.0,0.0,0.0;0.0;0.9961190223693848,0.08604100346565247,0.013729999773204327;0.0
1.094581127166748,0.43900081515312195,-9.928946495056152;0.0;0.25040000677108765,0.26649999618530273,-9.799799919128418;-0.0014486232539638877,0.004084070213139057,0.0038920841179788113;-0.024799998849630356,0.31200000643730164,0.33640000224113464;0.0,0.0,0.0;0.0;0.9961230158805847,0.0859680026769638,0.013891000300645828;0.0
0.2230055183172226,0.5821070671081543,-9.444608688354492;0.0;0.25349998474121094,0.26499998569488525,-9.799699783325195;0.001745329238474369,0.004014257341623306,-2.617993741296232E-4;-0.8614999651908875,-0.23559999465942383,0.4050000011920929;0.0,0.0,0.0;0.0;0.9961220026016235,0.08596599847078323,0.014042000286281109;0.0
-0.6184893250465393,5.363011732697487E-4,-9.398735046386719;0.0;0.25099998712539673,0.2645999789237976,-9.799799919128418;-0.001518436474725604,-0.0013264502631500363,0.0017627825727686286;0.07249999791383743,-0.30379998683929443,-0.03619999811053276;0.0,0.0,0.0;0.0;0.9961329698562622,0.08586400002241135,0.013915999792516232;0.0
0.2522435188293457,-0.07771579176187515,-9.82561206817627;0.0;0.25,0.2636999785900116,-9.79990005493164;0.0034382985904812813,1.0471975838299841E-4,2.0943951676599681E-4;0.8187999725341797,0.2069000005722046,-0.05570000037550926;0.0,0.0,0.0;0.0;0.9961439967155457,0.08574699610471725,0.013860000297427177;0.0
0.7667478919029236,0.12760137021541595,-9.938551902770996;0.0;0.2506999969482422,0.2644999921321869,-9.799799919128418;-0.001029744278639555,-0.0025307273026555777,0.007976154796779156;0.6317999958992004,0.3531999886035919,0.11089999973773956;0.0,0.0,0.0;0.0;0.9961429834365845,0.08575300127267838,0.013895999640226364;0.0
1.0065702199935913,0.5804790258407593,-9.796489715576172;0.0;0.2540000081062317,0.2651999890804291,-9.799699783325195;-0.0018675023457035422,1.0471975838299841E-4,0.003944444004446268;-0.30300000309944153,0.21519999206066132,0.47360000014305115;0.0,0.0,0.0;0.0;0.9961349964141846,0.08581099659204483,0.014065999537706375;0.0
0.22636698186397552,0.5874029994010925,-9.40755558013916;0.0;0.25689998269081116,0.2651999890804291,-9.799599647521973;-0.001483529806137085,0.0073129297234117985,-0.003281218931078911;-0.8452999591827393,-0.23579999804496765,0.4244999885559082;0.0,0.0,0.0;0.0;0.9961320161819458,0.08582299947738647,0.014213000424206257;0.0
-0.5671576261520386,0.1454716920852661,-9.339580535888672;0.0;0.2563000023365021,0.2660999894142151,-9.799599647521973;-6.806784076616168E-4,0.002373647876083851,-0.007731808349490166;-0.2759000062942505,-0.3935999870300293,0.012600000016391277;0.0,0.0,0.0;0.0;0.9961289763450623,0.08585900068283081,0.014189000241458416;0.0
-0.1082945317029953,-0.14529931545257568,-9.790034294128418;0.0;0.25599998235702515,0.26569998264312744,-9.799699783325195;4.0142572834156454E-4,-0.00143117003608495,-2.2689280740451068E-4;0.7245000004768372,0.05790000036358833,-0.1931999921798706;0.0,0.0,0.0;0.0;0.9961569905281067,0.08553300052881241,0.014170000329613686;0.0
0.9910175204277039,0.3251517415046692,-9.989079475402832;0.0;0.2574000060558319,0.26749998331069946,-9.799599647521973;-7.679448463022709E-4,7.679448463022709E-4,0.0030717793852090836;0.23279999196529388,0.37959998846054077,0.2870999872684479;0.0,0.0,0.0;0.0;0.996163010597229,0.0854329988360405,0.014247999526560307;0.0
0.4956476390361786,0.6420291066169739,-9.486737251281738;0.0;0.2595999836921692,0.2683999836444855,-9.79949951171875;-0.002373647876083851,0.001518436474725604,-2.7925267932005227E-4;-0.8185999989509583,-0.18019999563694,0.4536999762058258;0.0,0.0,0.0;0.0;0.9961599707603455,0.08544299751520157,0.014364000409841537;0.0
-0.5928330421447754,-0.00562158552929759,-9.399444580078125;0.0;0.25769999623298645,0.2694000005722046,-9.79949951171875;-0.001518436474725604,-5.585053586401045E-4,-0.0021293016616255045;0.5953999757766724,-0.06340000033378601,-0.18359999358654022;0.0,0.0,0.0;0.0;0.9961720108985901,0.08531200140714645,0.014268999919295311;0.0
0.39384618401527405,-0.012861651368439198,-9.918411254882812;0.0;0.25859999656677246,0.2694000005722046,-9.79949951171875;4.886921960860491E-4,-0.0034208453726023436,0.002775073517113924;0.8003999590873718,0.27969998121261597,0.012399999424815178;0.0,0.0,0.0;0.0;0.9961749911308289,0.08527100086212158,0.014314999803900719;0.0
1.0031225681304932,0.5956487059593201,-9.756754875183105;0.0;0.25849997997283936,0.2683999836444855,-9.79949951171875;-0.0026354470755904913,-0.00143117003608495,-0.0011868239380419254;-0.7585999965667725,-0.10159999877214432,0.5616999864578247;0.0,0.0,0.0;0.0;0.9961869716644287,0.08514700084924698,0.014301000162959099;0.0
-0.1177755743265152,0.45119211077690125,-9.225174903869629;0.0;0.25529998540878296,0.2683999836444855,-9.799599647521973;-0.004345869645476341,-0.006911503616720438,7.504915702156723E-4;-0.24549999833106995,-0.37619999051094055,0.00279999990016222;0.0,0.0,0.0;0.0;0.9962009787559509,0.08499900251626968,0.014138000085949898;0.0
-0.39113596081733704,-0.1343817561864853,-9.593939781188965;0.0;0.25279998779296875,0.26729997992515564,-9.799699783325195;4.886921960860491E-4,0.0034208453726023436,0.001117010717280209;0.5317000150680542,-0.11029999703168869,-0.1735999882221222;0.0,0.0,0.0;0.0;0.9962180256843567,0.08483400195837021,0.014000999741256237;0.0
0.2782924175262451,-0.03809653967618942,-9.928342819213867;0.0;0.25209999084472656,0.26749998331069946,-9.799699783325195;-1.9198621157556772E-4,-0.006492624990642071,0.004310963209718466;0.48330000042915344,0.3893999755382538,0.2773999869823456;0.0,0.0,0.0;0.0;0.9962270259857178,0.08472800254821777,0.013965999707579613;0.0
1.0454233884811401,0.5643037557601929,-9.821484565734863;0.0;0.25220000743865967,0.2694000005722046,-9.799699783325195;-0.0034732052590698004,-0.001658062799833715,0.006003932561725378;-0.7229999899864197,-0.08309999853372574,0.5127999782562256;0.0,0.0,0.0;0.0;0.9962189793586731,0.08480899780988693,0.01398400031030178;0.0
0.2978099584579468,0.5641218423843384,-9.354280471801758;0.0;0.251800000667572,0.2696000039577484,-9.799699783325195;-0.0037000980228185654,0.003926991019397974,-0.004712388850748539;-0.6832999587059021,-0.40689998865127563,0.15969999134540558;0.0,0.0,0.0;0.0;0.9962159991264343,0.08484899997711182,0.013961000367999077;0.0
-0.4708053767681122,0.17879897356033325,-9.306807518005371;0.0;0.25110000371932983,0.2696000039577484,-9.799699783325195;-0.0017104226863011718,1.2217304902151227E-4,-0.006475171539932489;0.052799999713897705,-0.29899999499320984,-0.2029999941587448;0.0,0.0,0.0;0.0;0.9962199926376343,0.0848039984703064,0.013925000093877316;0.0
-0.4927363097667694,-0.12635639309883118,-9.631586074829102;0.0;0.24939998984336853,0.2694000005722046,-9.799699783325195;-0.001658062799833715,-0.0023387412074953318,-8.028514566831291E-4;0.7703999876976013,0.13259999454021454,-0.17350000143051147;0.0,0.0,0.0;0.0;0.9962459802627563,0.08450999855995178,0.0138330003246665;0.0
0.5304018259048462,0.04853525385260582,-10.063557624816895;0.0;0.24719999730587006,0.2703000009059906,-9.799799919128418;-0.00205948855727911,-0.004939281847327948,0.0031939526088535786;0.39989998936653137,0.376800000667572,0.35589998960494995;0.0,0.0,0.0;0.0;0.9962689876556396,0.08425299823284149,0.01372699998319149;0.0
1.0452892780303955,0.5788892507553101,-9.804389953613281;0.0;0.2491999864578247,0.2703000009059906,-9.799699783325195;-0.0015707963611930609,0.0017627825727686286,0.0027052604127675295;-0.8277999758720398,-0.299699991941452,0.33629998564720154;0.0,0.0,0.0;0.0;0.9962769746780396,0.0841439962387085,0.013824000023305416;0.0
0.40947553515434265,0.5999581813812256,-9.363349914550781;0.0;0.2483000010251999,0.2678999900817871,-9.799799919128418;5.235987482592463E-4,0.0049916417337954044,-0.0013613568153232336;-0.3560999929904938,-0.3757999837398529,-0.10480000078678131;0.0,0.0,0.0;0.0;0.9963060021400452,0.08382300287485123,0.013763000257313251;0.0
-0.34354880452156067,0.27431803941726685,-9.277875900268555;0.0;0.2458999902009964,0.26809999346733093,-9.799799919128418;-0.0012217304902151227,0.002251474652439356,-0.0028797932900488377;0.4404999911785126,-0.12099999934434891,-0.3008999824523926;0.0,0.0,0.0;0.0;0.9963269829750061,0.08359500020742416,0.013642000034451485;0.0
-0.5614307522773743,-0.08313626050949097,-9.609723091125488;0.0;0.24889999628067017,0.26899999380111694,-9.799699783325195;-0.0017976891249418259,-0.0023911010939627886,4.5378561480902135E-4;0.8003999590873718,0.2800000011920929,-0.026399999856948853;0.0,0.0,0.0;0.0;0.9963240027427673,0.08359000086784363,0.013794999569654465;0.0
0.10412862151861191,-0.09744400531053543,-10.03380298614502;0.0;0.25279998779296875,0.2694999873638153,-9.799599647521973;0.0012915435945615172,6.457717972807586E-4,-1.7453292457503267E-5;0.21789999306201935,0.3285999894142151,0.4147000014781952;0.0,0.0,0.0;0.0;0.9963160157203674,0.0836540013551712,0.013996999710798264;0.0
0.28976544737815857,-0.04535575956106186,-10.082327842712402;0.0;0.25200000405311584,0.2694000005722046,-9.799699783325195;0.0,-0.005864306353032589,0.005375613924115896;0.3068999946117401,0.3580999970436096,0.4048999845981598;0.0,0.0,0.0;0.0;0.9963510036468506,0.0832500010728836,0.01395300030708313;0.0
0.38769787549972534,0.03331771120429039,-10.113922119140625;0.0;0.25290000438690186,0.2694999873638153,-9.799599647521973;0.0020943949930369854,-7.679448463022709E-4,0.00548033369705081;0.4432999789714813,0.37770000100135803,0.3361999988555908;0.0,0.0,0.0;0.0;0.9963529706001282,0.08320900052785873,0.013995000161230564;0.0
0.1970236450433731,-0.048563987016677856,-10.085497856140137;0.0;0.25529998540878296,0.2683999836444855,-9.799599647521973;0.0015707963611930609,-0.00427605677396059,0.00427605677396059;0.5879999995231628,0.35909998416900635,0.23809999227523804;0.0,0.0,0.0;0.0;0.9963600039482117,0.08312500268220901,0.014113999903202057;0.0
-0.14768394827842712,-0.14406390488147736,-9.962982177734375;0.0;0.2554999887943268,0.2685000002384186,-9.799599647521973;-5.759586347267032E-4,-0.0050090947188436985,0.0012217304902151227;0.7642999887466431,0.3197999894618988,0.05179999768733978;0.0,0.0,0.0;0.0;0.9963650107383728,0.08306200057268143,0.014125999994575977;0.0
-0.4487883448600769,-0.15212757885456085,-9.772316932678223;0.0;0.2565999925136566,0.2687000036239624,-9.799599647521973;0.001658062799833715,-3.316125657875091E-4,-0.0023387412074953318;0.8122999668121338,0.24120000004768372,-0.09529999643564224;0.0,0.0,0.0;0.0;0.9963539838790894,0.08317700028419495,0.014179999940097332;0.0
-0.510271430015564,-0.13362517952919006,-9.680198669433594;0.0;0.25689998269081116,0.2669999897480011,-9.799599647521973;5.410520825535059E-4,-2.617993741296232E-4,-0.0012740903766825795;0.7824999690055847,0.19380000233650208,-0.12459999322891235;0.0,0.0,0.0;0.0;0.9963740110397339,0.08295100182294846,0.014189999550580978;0.0
-0.5636621117591858,-0.11046846956014633,-9.609760284423828;0.0;0.2547000050544739,0.2660999894142151,-9.799699783325195;0.003001966280862689,2.2689280740451068E-4,-5.934119690209627E-4;0.7649999856948853,0.13580000400543213,-0.1735999882221222;0.0,0.0,0.0;0.0;0.9963949918746948,0.08271999657154083,0.014072000049054623;0.0
-0.6234979629516602,-0.03236003220081329,-9.486536026000977;0.0;0.257099986076355,0.26669999957084656,-9.799599647521973;0.001518436474725604,0.0010646508308127522,-0.0018151424592360854;0.8215999603271484,0.27230000495910645,-0.0559999980032444;0.0,0.0,0.0;0.0;0.9963889718055725,0.08277399837970734,0.01419300027191639;0.0
-0.608337938785553,0.0075561003759503365,-9.44692611694336;0.0;0.2595999836921692,0.2646999955177307,-9.799599647521973;-6.806784076616168E-4,4.5378561480902135E-4,-0.0028972465079277754;0.8091999888420105,0.27459999918937683,-0.036399997770786285;0.0,0.0,0.0;0.0;0.9964020252227783,0.08260999619960785,0.014312000013887882;0.0
-0.6022949814796448,-0.03697605058550835,-9.503304481506348;0.0;0.2581999897956848,0.2646999955177307,-9.799599647521973;2.9670598451048136E-4,-0.0016231562476605177,-0.002914699725806713;0.8301999568939209,0.2451999932527542,-0.04619999974966049;0.0,0.0,0.0;0.0;0.9964219927787781,0.0823810026049614,0.01423799991607666;0.0
-0.615587592124939,0.003849876346066594,-9.462411880493164;0.0;0.25949999690055847,0.26569998264312744,-9.799599647521973;-8.901178953237832E-4,1.7453292093705386E-4,0.0015358896926045418;0.8093000054359436,0.21469999849796295,-0.09519999474287033;0.0,0.0,0.0;0.0;0.9964209794998169,0.08237099647521973,0.014306999742984772;0.0
-0.6156449913978577,0.029793445020914078,-9.451580047607422;0.0;0.25949999690055847,0.2645999789237976,-9.799599647521973;5.934119690209627E-4,-0.0020769417751580477,0.00143117003608495;0.8191999793052673,0.29429998993873596,-0.00699999975040555;0.0,0.0,0.0;0.0;0.9964510202407837,0.08201900124549866,0.014295999892055988;0.0
-0.5615168809890747,0.0986889973282814,-9.364469528198242;0.0;0.2635999917984009,0.26420000195503235,-9.79949951171875;-0.0010122909443452954,1.2217304902151227E-4,-0.007033676840364933;0.8051999807357788,0.19669999182224274,-0.14429999887943268;0.0,0.0,0.0;0.0;0.9964399933815002,0.08212599903345108,0.014506000094115734;0.0
