9.0
calibration_0006.txt
-0.022591687738895416,0.012018891982734203,-9.665334701538086;0.0;0.15389999747276306,0.311599999666214,-9.800399780273438;-0.0011519172694534063,0.0021816615480929613,-6.632251315750182E-4;-0.16369999945163727,-0.311599999666214,0.14090000092983246;0.0,0.0,0.0;0.0;0.9973369836807251,0.07074199616909027,0.008953999727964401;0.0
0.7330279350280762,0.1285303235054016,-9.585310935974121;0.0;0.15559999644756317,0.3082999885082245,-9.80049991607666;-0.002460914198309183,0.009477137587964535,0.005427973810583353;0.9623000025749207,0.1818999946117401,0.48420000076293945;0.0,0.0,0.0;0.0;0.9973499774932861,0.07057700306177139,0.009026000276207924;0.0
0.7530626058578491,0.18925684690475464,-9.514260292053223;0.0;0.1581999957561493,0.30979999899864197,-9.800399780273438;-0.0036826448049396276,0.0066147977486252785,0.006806783843785524;0.7045999765396118,0.2883000075817108,0.5527999997138977;0.0,0.0,0.0;0.0;0.9973469972610474,0.07058899849653244,0.009166999720036983;0.0
0.8326650261878967,0.5858707427978516,-9.259422302246094;0.0;0.1613999903202057,0.3116999864578247,-9.800299644470215;-0.002007128670811653,-8.901178953237832E-4,0.001483529806137085;-0.6502000093460083,-0.31139999628067017,0.05249999836087227;0.0,0.0,0.0;0.0;0.9973480105400085,0.07054399698972702,0.0092550003901124;0.0
-0.16519033908843994,0.18967823684215546,-9.611828804016113;0.0;0.16129998862743378,0.3139999806880951,-9.800199508666992;-0.003525565145537257,-5.934119690209627E-4,-0.0027925267349928617;-1.2497999668121338,-0.8042999505996704,-0.2710999846458435;0.0,0.0,0.0;0.0;0.9973350167274475,0.07068900018930435,0.009339000098407269;0.0
-0.9497319459915161,-0.3235332667827606,-9.949402809143066;0.0;0.15950000286102295,0.31709998846054077,-9.800199508666992;-0.004956734832376242,-0.004084070213139057,-0.005305801052600145;-0.9538999795913696,-0.8662999868392944,-0.22209998965263367;0.0,0.0,0.0;0.0;0.9973210096359253,0.07086700201034546,0.009265000000596046;0.0
-0.9964475631713867,-0.39439207315444946,-9.954947471618652;0.0;0.16189999878406525,0.3190999925136566,-9.80009937286377;-0.0036128314677625895,-0.0010471974965184927,-0.004974188283085823;-0.887499988079071,-0.8682999610900879,-0.20260000228881836;0.0,0.0,0.0;0.0;0.9973170161247253,0.07089100033044815,0.009390000253915787;0.0
-0.6620351076126099,-0.11052592098712921,-9.827728271484375;0.0;0.1630999892950058,0.3211999833583832,-9.800000190734863;-0.004049163777381182,-0.0020420351065695286,-0.0055850534699857235;-1.2221999168395996,-0.8703999519348145,-0.2320999950170517;0.0,0.0,0.0;0.0;0.9973009824752808,0.07107599824666977,0.009463000111281872;0.0
0.6716119050979614,0.5467207431793213,-9.292098045349121;0.0;0.16569998860359192,0.323199987411499,-9.79990005493164;-0.0019896754529327154,-0.0019024088978767395,-0.002775073517113924;-0.6658999919891357,-0.323199987411499,0.0421999990940094;0.0,0.0,0.0;0.0;0.9972929954528809,0.07115600258111954,0.009604999795556068;0.0
1.0389302968978882,0.5755948424339294,-9.22620964050293;0.0;0.16910000145435333,0.3260999917984009,-9.799699783325195;-0.002740166848525405,8.726646192371845E-4,-0.0020420351065695286;0.06610000133514404,0.056299999356269836,0.3852999806404114;0.0,0.0,0.0;0.0;0.9972649812698364,0.07148800045251846,0.009793000295758247;0.0
-0.0013407529331743717,-0.2347371131181717,-9.79037857055664;0.0;0.1664000004529953,0.32889997959136963,-9.799699783325195;-0.002827433403581381,0.008011061698198318,0.002251474652439356;0.7944999933242798,0.05339999869465828,0.4147000014781952;0.0,0.0,0.0;0.0;0.9972429871559143,0.07177399843931198,0.00967200007289648;0.0
-1.017612338066101,-0.5951027870178223,-10.065032005310059;0.0;0.16820000112056732,0.3310000002384186,-9.799599647521973;-0.0013264502631500363,3.1415926059708E-4,-0.00874409917742014;0.6947000026702881,-0.03680000081658363,0.39499998092651367;0.0,0.0,0.0;0.0;0.9972379803657532,0.07180599868297577,0.009770000353455544;0.0
-0.5006371736526489,-0.006253655068576336,-9.731289863586426;0.0;0.16910000145435333,0.33249998092651367,-9.79949951171875;-0.0023911010939627886,-0.00296705961227417,-0.0067544239573180676;-0.6495999693870544,-0.79339998960495,-0.13449999690055847;0.0,0.0,0.0;0.0;0.9972310066223145,0.07188499718904495,0.009823000058531761;0.0
0.8730313181877136,0.5939727425575256,-9.223470687866211;0.0;0.1712999939918518,0.3343999981880188,-9.799399375915527;-0.0027052604127675295,3.490658491500653E-5,0.005497787147760391;-1.1715999841690063,-0.7267000079154968,-0.18369999527931213;0.0,0.0,0.0;0.0;0.9972310066223145,0.07185400277376175,0.009941999800503254;0.0
0.6078686714172363,0.09124781936407089,-9.535301208496094;0.0;0.17319999635219574,0.33550000190734863,-9.799300193786621;-0.006300638429820538,8.726646192371845E-4,9.773843921720982E-4;0.18949998915195465,0.06650000065565109,0.4438000023365021;0.0,0.0,0.0;0.0;0.997219979763031,0.07197000086307526,0.01004400011152029;0.0
-0.9538212418556213,-0.5700881481170654,-10.027778625488281;0.0;0.17389999330043793,0.33739998936653137,-9.799300193786621;-0.003455751808360219,0.0027576202992349863,-0.0036477381363511086;0.7674999833106995,0.005699999630451202,0.4730999767780304;0.0,0.0,0.0;0.0;0.9972090125083923,0.07209800183773041,0.010084999725222588;0.0
-0.5331407785415649,-0.02436339482665062,-9.690216064453125;0.0;0.17309999465942383,0.3400999903678894,-9.799200057983398;-0.0044156829826533794,-0.0024434609804302454,-0.0036128314677625895;-0.6633999943733215,-0.7813999652862549,-0.08579999953508377;0.0,0.0,0.0;0.0;0.9971960186958313,0.07224500179290771,0.010058999992907047;0.0
1.0179858207702637,0.5818676352500916,-9.13496208190918;0.0;0.17509999871253967,0.33959999680519104,-9.799200057983398;-0.0019373154500499368,0.002321287989616394,0.0028972465079277754;-0.9399999976158142,-0.48669999837875366,0.01209999993443489;0.0,0.0,0.0;0.0;0.9972040057182312,0.07213199883699417,0.010156000033020973;0.0
-0.49762046337127686,-0.4465090334415436,-9.86605453491211;0.0;0.1736999899148941,0.3449999988079071,-9.798999786376953;-0.00296705961227417,0.0,-7.15585018042475E-4;0.8657000064849854,0.17459999024868011,0.649399995803833;0.0,0.0,0.0;0.0;0.9971749782562256,0.07248000055551529,0.010112999938428402;0.0
0.07562804222106934,0.2896888554096222,-9.407038688659668;0.0;0.17559999227523804,0.3479999899864197,-9.798799514770508;-0.006352998316287994,-0.00663225119933486,0.0011868239380419254;-1.2249000072479248,-0.8873999714851379,-0.16459999978542328;0.0,0.0,0.0;0.0;0.997160017490387,0.07262799888849258,0.010223999619483948;0.0
-0.45939940214157104,-0.4367981553077698,-9.822749137878418;0.0;0.17029999196529388,0.3481999933719635,-9.79889965057373;-0.0017104226863011718,-0.001972222002223134,-0.0016057029133662581;0.8298999667167664,0.08320000022649765,0.5806999802589417;0.0,0.0,0.0;0.0;0.9971529841423035,0.07276199758052826,0.009955000132322311;0.0
0.7480251789093018,0.2158612161874771,-9.389695167541504;0.0;0.17669999599456787,0.35009998083114624,-9.798799514770508;-0.0024085543118417263,0.008482299745082855,0.006248278543353081;0.5489000082015991,0.1890999972820282,0.6000999808311462;0.0,0.0,0.0;0.0;0.9971489906311035,0.07275599986314774,0.01028599962592125;0.0
0.7459757924079895,0.5399020314216614,-9.192307472229004;0.0;0.17679999768733978,0.3531000018119812,-9.798600196838379;-0.003228859044611454,8.028514566831291E-4,0.0033335788175463676;-0.9122999906539917,-0.5198000073432922,0.011599999852478504;0.0,0.0,0.0;0.0;0.9971389770507812,0.0728520005941391,0.010305999778211117;0.0
-0.83426433801651,-0.22042936086654663,-9.858518600463867;0.0;0.1761000007390976,0.35580000281333923,-9.798600196838379;-0.0033859387040138245,-0.007504915818572044,-0.00808087456971407;0.010099999606609344,-0.4537999927997589,0.12919999659061432;0.0,0.0,0.0;0.0;0.997111976146698,0.07318799942731857,0.010285000316798687;0.0
-0.28152939677238464,-0.3371323347091675,-9.842324256896973;0.0;0.18039999902248383,0.3579999804496765,-9.798399925231934;-0.0023038345389068127,0.004188789986073971,-0.0012217304902151227;0.6530999541282654,0.20089998841285706,0.5800999999046326;0.0,0.0,0.0;0.0;0.9971060156822205,0.07321800291538239,0.010513000190258026;0.0
1.0547512769699097,0.4647432863712311,-9.27280044555664;0.0;0.18219999969005585,0.36079999804496765,-9.798299789428711;-0.004433136433362961,0.0020943949930369854,0.0016057029133662581;0.2295999974012375,0.05089999735355377,0.43289998173713684;0.0,0.0,0.0;0.0;0.9970930218696594,0.0733409970998764,0.010619999840855598;0.0
1.0732823610305786,0.5104054808616638,-9.256644248962402;0.0;0.18379999697208405,0.362199991941452,-9.798199653625488;-0.0019896754529327154,0.0022689281031489372,0.002007128670811653;-0.4878000020980835,-0.3229999840259552,0.08959999680519104;0.0,0.0,0.0;0.0;0.9970849752426147,0.07342199981212616,0.010703999549150467;0.0
1.0244213342666626,0.4754214286804199,-9.327350616455078;0.0;0.18549999594688416,0.36419999599456787,-9.798099517822266;-0.0012391837080940604,0.004468042869120836,0.0029321531765162945;0.02029999904334545,-0.01119999960064888,0.3149999976158142;0.0,0.0,0.0;0.0;0.9970700144767761,0.07359399646520615,0.010803000070154667;0.0
0.611258864402771,0.09368032217025757,-9.538518905639648;0.0;0.18559999763965607,0.3660999834537506,-9.797999382019043;-0.002827433403581381,8.726646192371845E-4,-0.0019024088978767395;0.6283000111579895,0.11429999768733978,0.5404999852180481;0.0,0.0,0.0;0.0;0.9970549941062927,0.07377000153064728,0.010816000401973724;0.0
-0.5115259885787964,-0.4195886254310608,-9.960731506347656;0.0;0.18679998815059662,0.36649999022483826,-9.797999382019043;-0.0018325956771150231,0.002809980185702443,-4.886921960860491E-4;0.676099956035614,-0.042899999767541885,0.37379997968673706;0.0,0.0,0.0;0.0;0.9970449805259705,0.07389199733734131,0.010885000228881836;0.0
-1.1070597171783447,-0.4506653845310211,-10.008941650390625;0.0;0.18469999730587006,0.3707999885082245,-9.797800064086914;-0.0010821041651070118,0.004852015525102615,1.7453292093705386E-4;-0.4396999776363373,-0.6943999528884888,-0.038100000470876694;0.0,0.0,0.0;0.0;0.9970390200614929,0.07392799854278564,0.010792999528348446;0.0
0.6680014133453369,0.4491426646709442,-9.36111831665039;0.0;0.18729999661445618,0.3732999861240387,-9.797699928283691;-0.003455751808360219,-0.0031939526088535786,9.075712296180427E-4;-0.8442999720573425,-0.5302000045776367,-0.09709999710321426;0.0,0.0,0.0;0.0;0.9970499873161316,0.07373499870300293,0.010931000113487244;0.0
0.4158632457256317,0.043028589338064194,-9.619481086730957;0.0;0.19119998812675476,0.37379997968673706,-9.797599792480469;-0.0012915435945615172,0.011030481196939945,0.0033335788175463676;0.8973000049591064,0.21449999511241913,0.5205000042915344;0.0,0.0,0.0;0.0;0.9970290064811707,0.07398299872875214,0.011136000044643879;0.0
-1.0235786437988281,-0.3647039532661438,-9.939604759216309;0.0;0.18389999866485596,0.3755999803543091,-9.797699928283691;-0.002286381321027875,-0.009040805511176586,-0.008831365965306759;-1.0174999237060547,-0.9149999618530273,-0.20499999821186066;0.0,0.0,0.0;0.0;0.9970129728317261,0.07421799749135971,0.010777000337839127;0.0
0.7147266864776611,0.46565306186676025,-9.366748809814453;0.0;0.18809999525547028,0.37610000371932983,-9.797599792480469;-0.0016057029133662581,0.0029845130629837513,0.003036872949451208;-1.2569999694824219,-0.8958999514579773,-0.29339998960494995;0.0,0.0,0.0;0.0;0.9970189929008484,0.07411400228738785,0.010990999639034271;0.0
1.0057275295257568,0.6267541646957397,-9.291743278503418;0.0;0.1899999976158142,0.3775999844074249,-9.797499656677246;-0.002024581888690591,-1.5707963029854E-4,0.001483529806137085;-0.6704999804496765,-0.3775999844074249,0.05949999764561653;0.0,0.0,0.0;0.0;0.9970160126686096,0.07411599904298782,0.011090000160038471;0.0
1.0384035110473633,0.4308701157569885,-9.291159629821777;0.0;0.1923999935388565,0.3774999976158142,-9.797399520874023;-0.0031939526088535786,0.0031066860537976027,0.002007128670811653;-0.5257999897003174,-0.3774999976158142,0.039799999445676804;0.0,0.0,0.0;0.0;0.9970070123672485,0.07422299683094025,0.011216999962925911;0.0
0.7940322160720825,0.26637887954711914,-9.44768238067627;0.0;0.19349999725818634,0.37860000133514404,-9.797399520874023;-0.001117010717280209,0.006143558770418167,0.002827433403581381;-0.6151999831199646,-0.37860000133514404,0.07899999618530273;0.0,0.0,0.0;0.0;0.9970009922981262,0.07427400350570679,0.01128000020980835;0.0
1.0182156562805176,0.38771700859069824,-9.308072090148926;0.0;0.19509999454021454,0.3797999918460846,-9.7972993850708;-0.0010646508308127522,0.0012740903766825795,-0.0023561944253742695;-0.4892999827861786,-0.3797999918460846,0.05929999798536301;0.0,0.0,0.0;0.0;0.9969800114631653,0.07455399632453918,0.01131800003349781;0.0
0.7360541820526123,0.5515953302383423,-9.326009750366211;0.0;0.19609999656677246,0.3807999789714813,-9.797200202941895;-0.0030717793852090836,0.006684611085802317,4.0142572834156454E-4;-1.0394999980926514,-0.9004999995231628,-0.21529999375343323;0.0,0.0,0.0;0.0;0.9969660043716431,0.07470499724149704,0.011424999684095383;0.0
-0.15101666748523712,0.09329725056886673,-9.643767356872559;0.0;0.19709999859333038,0.38199999928474426,-9.797200202941895;-0.004398229531943798,0.005864306353032589,-0.0013962633674964309;-0.49129998683929443,-0.7055999636650085,-0.10740000009536743;0.0,0.0,0.0;0.0;0.996969997882843,0.07463199645280838,0.011481000110507011;0.0
0.3614765703678131,0.38851189613342285,-9.45760440826416;0.0;0.19589999318122864,0.3840000033378601,-9.797100067138672;-0.005270894151180983,-0.006003932561725378,-8.028514566831291E-4;-0.7548999786376953,-0.835099995136261,-0.1662999987602234;0.0,0.0,0.0;0.0;0.9969490170478821,0.0748939961194992,0.011433999985456467;0.0
-0.7009839415550232,-0.1815379559993744,-9.85499382019043;0.0;0.19709999859333038,0.3854999840259552,-9.79699993133545;-0.003525565145537257,-0.007609635591506958,-0.0075747291557490826;0.508899986743927,-0.19919998943805695,0.3237999975681305;0.0,0.0,0.0;0.0;0.9969419836997986,0.07495100051164627,0.011500000022351742;0.0
-0.9517621994018555,-0.5666500926017761,-10.060023307800293;0.0;0.19739998877048492,0.3868999779224396,-9.79699993133545;-0.0025830871891230345,-0.0021642083302140236,-0.007470009382814169;0.8321999907493591,0.14249999821186066,0.5787000060081482;0.0,0.0,0.0;0.0;0.996944010257721,0.07490000128746033,0.011517999693751335;0.0
-0.5583661794662476,-0.41208040714263916,-10.029196739196777;0.0;0.19439999759197235,0.38920000195503235,-9.796899795532227;-0.0023911010939627886,-1.7453292093705386E-4,-0.004694935865700245;0.7664999961853027,0.1597999930381775,0.5590999722480774;0.0,0.0,0.0;0.0;0.9969409704208374,0.07492899894714355,0.011376000009477139;0.0
-0.34546414017677307,-0.35129642486572266,-9.931368827819824;0.0;0.19609999656677246,0.38979998230934143,-9.796899795532227;-0.0031590459402650595,0.0015009831404313445,-0.0010646508308127522;0.20579999685287476,-0.026999998837709427,0.4412999749183655;0.0,0.0,0.0;0.0;0.9969429969787598,0.07489100098609924,0.011464999988675117;0.0
0.9812396168708801,0.38851189613342285,-9.378173828125;0.0;0.19569998979568481,0.39229997992515564,-9.796799659729004;-0.003508111694827676,0.006405358202755451,0.004171337001025677;-1.1371999979019165,-0.6962999701499939,-0.09799999743700027;0.0,0.0,0.0;0.0;0.9969329833984375,0.07498499751091003,0.01145699992775917;0.0
0.6390507221221924,0.43992018699645996,-9.276813507080078;0.0;0.1946999877691269,0.3919000029563904,-9.796799659729004;-0.004171337001025677,-0.002949606394395232,8.901178953237832E-4;-0.10639999806880951,-0.4997999966144562,-0.00969999935477972;0.0,0.0,0.0;0.0;0.9969229698181152,0.07513800263404846,0.011405999772250652;0.0
-0.6839276552200317,-0.16131173074245453,-9.753814697265625;0.0;0.19380000233650208,0.39399999380111694,-9.796799659729004;-0.004380776546895504,-0.00617846567183733,-0.005218534264713526;0.8847999572753906,0.007999999448657036,0.5098999738693237;0.0,0.0,0.0;0.0;0.9969069957733154,0.07532300055027008,0.011370999738574028;0.0
-0.7225221991539001,-0.43652042746543884,-10.086532592773438;0.0;0.19609999656677246,0.3960999846458435,-9.796599388122559;-0.0023387412074953318,1.7453292093705386E-4,-8.377580670639873E-4;-0.3921999931335449,-0.32739999890327454,0.284199982881546;0.0,0.0,0.0;0.0;0.9968869686126709,0.07554399967193604,0.011497999541461468;0.0
