88.0
calibration_0009.txt
-0.023041797801852226,-0.06508397310972214,-9.7155179977417;0.0;-0.003499999875202775,-0.05829999968409538,-9.80639934539795;-0.0036477381363511086,0.0010471974965184927,-6.806784076616168E-4;-0.006199999712407589,-0.019999999552965164,0.12729999423027039;0.0,0.0,0.0;0.0;-0.9880809783935547,-0.1539040058851242,6.339999963529408E-4;0.0
-0.033921051770448685,-0.12849201261997223,-9.725448608398438;0.0;-0.0050999997183680534,-0.056599996984004974,-9.80639934539795;-0.0038746309000998735,0.0030194194987416267,6.108652451075613E-4;0.0050999997183680534,0.11539999395608902,0.1665000021457672;0.0,0.0,0.0;0.0;-0.9881079792976379,-0.15373200178146362,7.009999826550484E-4;0.0
0.17399142682552338,-0.050603847950696945,-9.644543647766113;0.0;-0.017099998891353607,-0.062199998646974564,-9.80639934539795;-0.0015533430268988013,0.001745329238474369,-0.0012915435945615172;-0.2280000001192093,-0.08479999750852585,-1.9999999494757503E-4;0.0,0.0,0.0;0.0;-0.9882239699363708,-0.1529739946126938,0.001352999941445887;0.0
-0.0516572967171669,0.024870967492461205,-9.631882667541504;0.0;-0.01759999990463257,-0.06279999762773514,-9.80639934539795;-0.0012042771559208632,-8.726646046852693E-5,-0.0023038345389068127;-0.011699999682605267,-0.1136000007390976,0.019299998879432678;0.0,0.0,0.0;0.0;-0.9882109761238098,-0.15306200087070465,0.0013310000067576766;0.0
-0.28882691264152527,-0.24588452279567719,-9.883245468139648;0.0;-0.016499999910593033,-0.06269999593496323,-9.80639934539795;-0.0037873645778745413,1.2217304902151227E-4,-0.0016406094655394554;0.27149999141693115,0.1508999913930893,0.3037000000476837;0.0,0.0,0.0;0.0;-0.988207995891571,-0.15307700634002686,0.0013259999686852098;0.0
-0.1876479536294937,-0.24082796275615692,-9.84736156463623;0.0;-0.016899999231100082,-0.0625,-9.80639934539795;-0.003228859044611454,-5.061454721726477E-4,-0.0023561944253742695;0.22280000150203705,0.05269999802112579,0.20569999516010284;0.0,0.0,0.0;0.0;-0.9881920218467712,-0.1531829982995987,0.0013419999741017818;0.0
-0.27587905526161194,-0.2147790491580963,-9.873247146606445;0.0;-0.016499999910593033,-0.06260000169277191,-9.80639934539795;-0.004642575979232788,-7.504915702156723E-4,-0.0016406094655394554;0.15379999577999115,0.0037999998312443495,0.1565999984741211;0.0,0.0,0.0;0.0;-0.988182008266449,-0.15324799716472626,0.0013259999686852098;0.0
-0.23010194301605225,-0.12666285037994385,-9.816399574279785;0.0;-0.015799999237060547,-0.06199999898672104,-9.80639934539795;-0.00663225119933486,8.552113431505859E-4,0.001117010717280209;-0.09200000017881393,-0.15359999239444733,-1.9999999494757503E-4;0.0,0.0,0.0;0.0;-0.9881770014762878,-0.15328000485897064,0.0012860000133514404;0.0
-0.04466622695326805,0.03929363936185837,-9.65050983428955;0.0;-0.015399999916553497,-0.06199999898672104,-9.80639934539795;-0.0036826448049396276,0.002687806962057948,0.0028972465079277754;-0.2393999993801117,-0.16349999606609344,-0.039400000125169754;0.0,0.0,0.0;0.0;-0.9881730079650879,-0.15330299735069275,0.0012679999927058816;0.0
0.020350713282823563,0.06513186544179916,-9.589122772216797;0.0;-0.016899999231100082,-0.0608999989926815,-9.80639934539795;-0.0033859387040138245,-7.679448463022709E-4,-0.0015009831404313445;-0.1006999984383583,0.04129999876022339,0.09779999405145645;0.0,0.0,0.0;0.0;-0.9881489872932434,-0.15345899760723114,0.0013310000067576766;0.0
0.011702857911586761,-0.17303375899791718,-9.740081787109375;0.0;-0.016300000250339508,-0.060999996960163116,-9.80639934539795;-0.0015533430268988013,0.0024434609804302454,-0.002914699725806713;0.10449999570846558,0.14919999241828918,0.2644999921321869;0.0,0.0,0.0;0.0;-0.9881489872932434,-0.1534619927406311,0.0012969999806955457;0.0
-0.22396321594715118,-0.24499386548995972,-9.839680671691895;0.0;-0.016899999231100082,-0.06109999865293503,-9.80639934539795;-0.0023561944253742695,-0.001117010717280209,-0.002949606394395232;0.2522999942302704,0.09049999713897705,0.2840999960899353;0.0,0.0,0.0;0.0;-0.9881399869918823,-0.15351800620555878,0.0013310000067576766;0.0
-0.21830330789089203,-0.11559205502271652,-9.808067321777344;0.0;-0.01759999990463257,-0.062199998646974564,-9.80639934539795;-0.004660028964281082,-4.0142572834156454E-4,-0.0018675023457035422;0.0568000003695488,-0.08479999750852585,0.09779999405145645;0.0,0.0,0.0;0.0;-0.9881460070610046,-0.15347899496555328,0.0013749999925494194;0.0
-0.16112977266311646,-0.04109407961368561,-9.735140800476074;0.0;-0.017099998891353607,-0.06119999662041664,-9.80639934539795;-0.002949606394395232,0.002146754879504442,-1.0471975838299841E-4;-0.19849999248981476,-0.14469999074935913,-0.01979999989271164;0.0,0.0,0.0;0.0;-0.9881420135498047,-0.15350399911403656,0.001348000019788742;0.0
0.22401109337806702,0.060467954725027084,-9.537972450256348;0.0;-0.016999999061226845,-0.060499999672174454,-9.80639934539795;-0.0034382985904812813,0.0021293016616255045,-0.0010646508308127522;-0.16929998993873596,0.011500000022351742,0.039000000804662704;0.0,0.0,0.0;0.0;-0.9881299734115601,-0.15357999503612518,0.0013310000067576766;0.0
0.052643708884716034,-0.14803828299045563,-9.703057289123535;0.0;-0.015799999237060547,-0.061400000005960464,-9.80639934539795;-0.002251474652439356,0.003717551240697503,0.0;-0.11159999668598175,0.04179999977350235,0.08799999952316284;0.0,0.0,0.0;0.0;-0.9881250262260437,-0.15361200273036957,0.0012799999676644802;0.0
-0.22811953723430634,-0.22864624857902527,-9.852619171142578;0.0;-0.016200000420212746,-0.06129999831318855,-9.80639934539795;-0.0010821041651070118,9.4247778179124E-4,-0.0013089969288557768;0.19269999861717224,0.14949999749660492,0.2840999960899353;0.0,0.0,0.0;0.0;-0.9881179928779602,-0.15366299450397491,0.0012969999806955457;0.0
-0.24174733459949493,-0.12978488206863403,-9.820297241210938;0.0;-0.01679999940097332,-0.05989999696612358,-9.80639934539795;-0.005340707488358021,-8.901178953237832E-4,0.004171337001025677;0.01679999940097332,-0.11649999767541885,0.08799999952316284;0.0,0.0,0.0;0.0;-0.9881079792976379,-0.15372399985790253,0.0013200000394135714;0.0
0.2398224025964737,0.025292346253991127,-9.544188499450684;0.0;-0.016499999910593033,-0.060499999672174454,-9.80639934539795;5.585053586401045E-4,-5.410520825535059E-4,-0.004502949304878712;-0.07169999927282333,0.060499999672174454,0.11739999800920486;0.0,0.0,0.0;0.0;-0.9880939722061157,-0.15381599962711334,0.0013089999556541443;0.0
-0.14865119755268097,-0.23201730847358704,-9.820487976074219;0.0;-0.016300000250339508,-0.06059999763965607,-9.80639934539795;-0.006300638429820538,-0.003298672381788492,-0.0032463124953210354;0.241799995303154,0.07039999961853027,0.2644999921321869;0.0,0.0,0.0;0.0;-0.9880629777908325,-0.15401600301265717,0.0012969999806955457;0.0
-0.1433647871017456,-0.022189460694789886,-9.730265617370605;0.0;-0.014599999412894249,-0.0608999989926815,-9.80639934539795;-0.004206243436783552,0.0036128314677625895,0.0022165682166814804;-0.07360000163316727,-0.16459999978542328,0.01939999870955944;0.0,0.0,0.0;0.0;-0.9880650043487549,-0.15399999916553497,0.0012199999764561653;0.0
0.10419565439224243,0.09120950847864151,-9.573990821838379;0.0;-0.013399999588727951,-0.06079999729990959,-9.80639934539795;-2.2689280740451068E-4,0.0015882495790719986,-0.0037873645778745413;-0.10419999808073044,0.06079999729990959,0.09779999405145645;0.0,0.0,0.0;0.0;-0.988044023513794,-0.1541370004415512,0.0011579999700188637;0.0
-0.15394717454910278,-0.23456472158432007,-9.815977096557617;0.0;-0.014999999664723873,-0.05979999899864197,-9.80639934539795;-0.00502654816955328,-0.0031066860537976027,-0.0016755161341279745;0.22089999914169312,0.05979999899864197,0.2644999921321869;0.0,0.0,0.0;0.0;-0.9880229830741882,-0.1542699933052063,0.001231999951414764;0.0
0.10456915199756622,0.09877518564462662,-9.578032493591309;0.0;-0.016699999570846558,-0.05999999865889549,-9.80639934539795;-0.0026179938577115536,1.0471975838299841E-4,0.0;-0.21849998831748962,-0.12619999051094055,-9.999999747378752E-5;0.0,0.0,0.0;0.0;-0.9880200028419495,-0.15429100394248962,0.0013200000394135714;0.0
-0.004309562966227531,-0.18351076543331146,-9.736442565917969;0.0;-0.017799999564886093,-0.05819999799132347,-9.80639934539795;-0.002234021434560418,0.0,-0.003351032268255949;0.06689999997615814,0.12690000236034393,0.22529999911785126;0.0,0.0,0.0;0.0;-0.9880080223083496,-0.15436500310897827,0.0013640000252053142;0.0
-0.24768495559692383,-0.19453367590904236,-9.838598251342773;0.0;-0.020099999383091927,-0.056699998676776886,-9.80639934539795;-0.005515240598469973,-0.002146754879504442,-0.0014660765882581472;0.08869999647140503,-0.0608999989926815,0.1468999981880188;0.0,0.0,0.0;0.0;-0.9880110025405884,-0.15435099601745605,0.0014540000120177865;0.0
0.22873245179653168,0.031814150512218475,-9.553497314453125;0.0;-0.018799999728798866,-0.05609999969601631,-9.80639934539795;-0.003543018363416195,1.7453292457503267E-5,-0.0014486232539638877;-0.1281999945640564,0.046299997717142105,0.06839999556541443;0.0,0.0,0.0;0.0;-0.9880059957504272,-0.15438500046730042,0.0013970000436529517;0.0
-0.22609883546829224,-0.20766347646713257,-9.850061416625977;0.0;-0.016699999570846558,-0.05729999765753746,-9.80639934539795;-0.0021293016616255045,0.002600540639832616,-5.585053586401045E-4;0.2029999941587448,0.04749999940395355,0.2547000050544739;0.0,0.0,0.0;0.0;-0.9879949688911438,-0.15444999933242798,0.0012910000514239073;0.0
0.1566382497549057,0.09523176401853561,-9.547636032104492;0.0;-0.01719999872148037,-0.05460000038146973,-9.80639934539795;-0.00331612559966743,1.0471975838299841E-4,-0.00125663704238832;-0.19839999079704285,-0.013899999670684338,0.039000000804662704;0.0,0.0,0.0;0.0;-0.9879819750785828,-0.15453900396823883,0.001303000026382506;0.0
-0.06200982257723808,-0.20488619804382324,-9.718111991882324;0.0;-0.018699999898672104,-0.054899998009204865,-9.80639934539795;-0.0077841682359576225,1.0471975838299841E-4,0.0011519172694534063;0.23439998924732208,0.054899998009204865,0.2939999997615814;0.0,0.0,0.0;0.0;-0.9879779815673828,-0.1545650064945221,0.0013810000382363796;0.0
0.23096385598182678,0.028701690956950188,-9.484400749206543;0.0;-0.019500000402331352,-0.055299997329711914,-9.80639934539795;-0.0010995573829859495,0.0027576202992349863,-6.981316837482154E-4;-0.15689998865127563,0.055299997329711914,0.10759999603033066;0.0,0.0,0.0;0.0;-0.9879699945449829,-0.15461499989032745,0.0014130000490695238;0.0
-0.21883003413677216,-0.0731189176440239,-9.704523086547852;0.0;-0.020899999886751175,-0.05389999970793724,-9.80639934539795;-0.002809980185702443,0.0030194194987416267,0.0013962633674964309;-0.03779999911785126,-0.16179999709129333,0.12729999423027039;0.0,0.0,0.0;0.0;-0.9879609942436218,-0.15467099845409393,0.001474000047892332;0.0
0.11810117959976196,-0.11418426781892776,-9.582839965820312;0.0;-0.020800000056624413,-0.056199997663497925,-9.80639934539795;-0.0019547687843441963,-1.3962633966002613E-4,-0.0031241392716765404;0.1973000019788742,0.12489999830722809,0.32339999079704285;0.0,0.0,0.0;0.0;-0.9879429936408997,-0.1547829955816269,0.0014949999749660492;0.0
-0.16047854721546173,-0.0037828385829925537,-9.688539505004883;0.0;-0.021399999037384987,-0.055299997329711914,-9.80639934539795;-5.759586347267032E-4,0.002199114765971899,-0.0019547687843441963;-0.18439999222755432,-0.013299999758601189,0.04879999905824661;0.0,0.0,0.0;0.0;-0.9879599809646606,-0.15467600524425507,0.0015140000032261014;0.0
-0.2172115445137024,-0.20949263870716095,-9.79045581817627;0.0;-0.02199999988079071,-0.05469999834895134,-9.80639934539795;-0.0066147977486252785,2.7925267932005227E-4,0.0017802357906475663;0.08089999854564667,-0.09229999780654907,0.1468999981880188;0.0,0.0,0.0;0.0;-0.9879390001296997,-0.15480899810791016,0.0015480000292882323;0.0
0.20323899388313293,-0.03868072107434273,-9.56165599822998;0.0;-0.021399999037384987,-0.056699998676776886,-9.80639934539795;4.886921960860491E-4,0.0017802357906475663,-0.004869468510150909;0.09009999781847,0.15479999780654907,0.22529999911785126;0.0,0.0,0.0;0.0;-0.9879260063171387,-0.1548919975757599,0.0015290000010281801;0.0
0.05731718987226486,0.09357497841119766,-9.60391902923584;0.0;-0.022699998691678047,-0.05810000002384186,-9.80639934539795;-0.0011519172694534063,0.0016755161341279745,-0.0013264502631500363;-0.19299998879432678,-0.12809999287128448,-9.999999747378752E-5;0.0,0.0,0.0;0.0;-0.9879400134086609,-0.15479999780654907,0.0016049999976530671;0.0
-0.11101434379816055,-0.23263022303581238,-9.770344734191895;0.0;-0.022699998691678047,-0.06039999797940254,-9.80639934539795;-0.0036477381363511086,0.0025307273026555777,-4.1887903353199363E-4;0.140299990773201,-0.07679999619722366,0.1565999984741211;0.0,0.0,0.0;0.0;-0.9879329800605774,-0.15484100580215454,0.0016240000259131193;0.0
0.1573469340801239,0.08703401684761047,-9.564615249633789;0.0;-0.022299999371170998,-0.0616999976336956,-9.80639934539795;-0.001972222002223134,-8.552113431505859E-4,-0.003036872949451208;0.03219999745488167,0.13030000030994415,0.18609999120235443;0.0,0.0,0.0;0.0;-0.9879279732704163,-0.15487700700759888,0.0016189999878406525;0.0
-0.14851711690425873,-0.019469648599624634,-9.757942199707031;0.0;-0.026599999517202377,-0.061400000005960464,-9.80639934539795;-0.0037350046914070845,-0.0017627825727686286,-0.0014486232539638877;-0.2085999995470047,-0.07580000162124634,-1.9999999494757503E-4;0.0,0.0,0.0;0.0;-0.9879379868507385,-0.15480799973011017,0.0018260000506415963;0.0
0.023099258542060852,-0.20987571775913239,-9.711753845214844;0.0;-0.026599999517202377,-0.06159999966621399,-9.80639934539795;-7.504915702156723E-4,0.001117010717280209,-0.002321287989616394;0.036399997770786285,-0.15410000085830688,0.09779999405145645;0.0,0.0,0.0;0.0;-0.9879260063171387,-0.15488700568675995,0.0018260000506415963;0.0
0.21069931983947754,-0.022151153534650803,-9.578750610351562;0.0;-0.021699998527765274,-0.0608999989926815,-9.80639934539795;-0.0039618974551558495,0.003857177682220936,-3.490658418741077E-4;0.20809999108314514,0.11979999393224716,0.2547000050544739;0.0,0.0,0.0;0.0;-0.9878640174865723,-0.15528300404548645,0.0015770000172778964;0.0
-0.029161376878619194,0.052739474922418594,-9.633155822753906;0.0;-0.030399998649954796,-0.06199999898672104,-9.80639934539795;-0.0033859387040138245,-5.585053586401045E-4,-8.377580670639873E-4;-0.1460999995470047,0.042399998754262924,0.06839999556541443;0.0,0.0,0.0;0.0;-0.9879419803619385,-0.15478399395942688,0.0020240000449121;0.0
-0.21651245653629303,-0.20367951691150665,-9.767529487609863;0.0;-0.030499998480081558,-0.06129999831318855,-9.80639934539795;-1.3962633966002613E-4,0.003036872949451208,-0.0017104226863011718;-0.04779999703168869,-0.16419999301433563,0.08799999952316284;0.0,0.0,0.0;0.0;-0.9879480004310608,-0.1547430008649826,0.00202700006775558;0.0
0.19611383974552155,0.07454586774110794,-9.511455535888672;0.0;-0.028699999675154686,-0.06309999525547028,-9.80639934539795;-0.004921828396618366,0.0025830871891230345,0.001972222002223134;0.20520000159740448,0.03370000049471855,0.2840999960899353;0.0,0.0,0.0;0.0;-0.9879249930381775,-0.1548919975757599,0.0019489999394863844;0.0
-0.029659369960427284,0.08115386217832565,-9.589103698730469;0.0;-0.028099998831748962,-0.06379999965429306,-9.80639934539795;-0.0011868239380419254,7.679448463022709E-4,-0.004450589418411255;0.018299998715519905,0.13239999115467072,0.23510000109672546;0.0,0.0,0.0;0.0;-0.9879249930381775,-0.1548900008201599,0.001921999966725707;0.0
-0.23870190978050232,-0.14505988359451294,-9.738530158996582;0.0;-0.030299998819828033,-0.06149999797344208,-9.80639934539795;-5.410520825535059E-4,0.0023561944253742695,-0.0023038345389068127;-0.20499999821186066,-0.07569999992847443,0.06839999556541443;0.0,0.0,0.0;0.0;-0.9879180192947388,-0.15493400394916534,0.0020129999611526728;0.0
-0.09037632495164871,-0.22800461947917938,-9.670726776123047;0.0;-0.030499998480081558,-0.06159999966621399,-9.80639934539795;-0.00502654816955328,1.0471975838299841E-4,0.002146754879504442;0.08940000087022781,-0.07559999823570251,0.22529999911785126;0.0,0.0,0.0;0.0;-0.9878910183906555,-0.15510599315166473,0.0020240000449121;0.0
0.1397830694913864,0.10886914283037186,-9.4933443069458;0.0;-0.02929999865591526,-0.06359999626874924,-9.80639934539795;-0.0030717793852090836,1.2217304902151227E-4,-0.0023387412074953318;0.1665000021457672,0.1615999937057495,0.32330000400543213;0.0,0.0,0.0;0.0;-0.9878799915313721,-0.15517500042915344,0.001978999935090542;0.0
-0.06600335240364075,0.06961380690336227,-9.588308334350586;0.0;-0.030299998819828033,-0.06350000202655792,-9.806300163269043;-1.7453292093705386E-4,-0.0023038345389068127,-0.004293509759008884;-0.16569998860359192,0.03399999812245369,0.11739999800920486;0.0,0.0,0.0;0.0;-0.9878799915313721,-0.15517599880695343,0.0020349998958408833;0.0
