1167.0
calibration_0001.txt
0.16855180263519287,-0.06381984055042267,-9.741872787475586;0.0;0.1444000005722046,-0.07169999927282333,-9.805299758911133;-8.028514566831291E-4,-0.0023387412074953318,-0.0014137167017906904;0.012399999424815178,-0.0066999997943639755,0.06729999929666519;0.0,0.0,0.0;0.0;-0.685293972492218,-0.7282189726829529,-0.0023849999997764826;0.0
0.20453186333179474,-0.12115617841482162,-9.729595184326172;0.0;0.14549998939037323,-0.06969999521970749,-9.805299758911133;0.0019547687843441963,7.504915702156723E-4,1.7453292093705386E-4;0.05079999938607216,0.20639999210834503,0.03790000081062317;0.0,0.0,0.0;0.0;-0.6850990056991577,-0.7284029722213745,-0.0025059999898076057;0.0
0.28744783997535706,-0.12479536980390549,-9.659684181213379;0.0;0.14339999854564667,-0.06939999759197235,-9.805299758911133;0.0035604715812951326,0.003630284918472171,1.3962633966002613E-4;-0.025699999183416367,-0.2540999948978424,0.12610000371932983;0.0,0.0,0.0;0.0;-0.6852279901504517,-0.7282829880714417,-0.0024349999148398638;0.0
0.001130063203163445,-0.24127808213233948,-9.772882461547852;0.0;0.14309999346733093,-0.06969999521970749,-9.805299758911133;-4.7123889089562E-4,-0.0015009831404313445,-9.948377264663577E-4;-0.14309999346733093,-0.23420000076293945,0.06729999929666519;0.0,0.0,0.0;0.0;-0.6853569746017456,-0.7281609773635864,-0.00241199997253716;0.0
0.23531171679496765,0.16983510553836823,-9.73299503326416;0.0;0.1436000019311905,-0.06960000097751617,-9.805299758911133;-0.0034382985904812813,-0.004188789986073971,-1.5707963029854E-4;-0.02589999884366989,0.13819999992847443,0.06729999929666519;0.0,0.0,0.0;0.0;-0.6853569746017456,-0.7281609773635864,-0.0024339999072253704;0.0
0.2818933129310608,-0.08994536846876144,-9.590520858764648;0.0;0.14100000262260437,-0.06859999895095825,-9.805299758911133;0.0015707963611930609,0.003298672381788492,-0.0015358896926045418;-0.08219999819993973,-0.2549000084400177,0.16539999842643738;0.0,0.0,0.0;0.0;-0.6854580044746399,-0.7280669808387756,-0.002372999908402562;0.0
-0.009107543155550957,-0.20286549627780914,-9.702703475952148;0.0;0.13920000195503235,-0.06889999657869339,-9.805399894714355;-4.3633230961859226E-4,-0.002286381321027875,-0.0017104226863011718;-0.13920000195503235,-0.14669999480247498,0.12619999051094055;0.0,0.0,0.0;0.0;-0.6854659914970398,-0.7280610203742981,-0.0023060000967234373;0.0
0.30834445357322693,0.14062581956386566,-9.606772422790527;0.0;0.14100000262260437,-0.0689999982714653,-9.805299758911133;-1.9198621157556772E-4,1.7453292093705386E-4,-0.001029744278639555;0.16290000081062317,0.21609999239444733,0.21439999341964722;0.0,0.0,0.0;0.0;-0.6854029893875122,-0.7281190156936646,-0.0023670000955462456;0.0
0.012430695816874504,-0.2864806056022644,-9.637168884277344;0.0;0.13939999043941498,-0.06889999657869339,-9.805399894714355;0.001483529806137085,0.0021816615480929613,-9.4247778179124E-4;-0.13939999043941498,-0.19579999148845673,0.16539999842643738;0.0,0.0,0.0;0.0;-0.6854270100593567,-0.7280970215797424,-0.002314999932423234;0.0
0.31537380814552307,0.10033620148897171,-9.596152305603027;0.0;0.13989999890327454,-0.06839999556541443,-9.805399894714355;-0.003036872949451208,-0.0023387412074953318,-0.0015009831404313445;0.1542000025510788,0.10759999603033066,0.22429999709129333;0.0,0.0,0.0;0.0;-0.6853870153427124,-0.7281349897384644,-0.0023479999508708715;0.0
0.029515719041228294,-0.12431652843952179,-9.703651428222656;0.0;0.13779999315738678,-0.0674000009894371,-9.805399894714355;-4.3633230961859226E-4,0.001343903481028974,-0.001343903481028974;-0.09849999845027924,0.04779999703168869,0.09679999947547913;0.0,0.0,0.0;0.0;-0.6853479743003845,-0.7281720042228699,-0.0023109999019652605;0.0
0.18734149634838104,-0.2221340388059616,-9.594342231750488;0.0;0.1362999975681305,-0.06749999523162842,-9.805399894714355;0.0029321531765162945,0.002146754879504442,-0.003228859044611454;-0.008799999952316284,-0.2069999873638153,0.20469999313354492;0.0,0.0,0.0;0.0;-0.6853579878807068,-0.72816401720047,-0.0022539999336004257;0.0
0.3088616132736206,0.09821973741054535,-9.679977416992188;0.0;0.13660000264644623,-0.07119999825954437,-9.805399894714355;-0.0017802357906475663,4.0142572834156454E-4,1.3962633966002613E-4;0.1574999988079071,0.09079999476671219,0.1655000001192093;0.0,0.0,0.0;0.0;-0.6855769753456116,-0.727957010269165,-0.0021329999435693026;0.0
0.046715665608644485,-0.03749319911003113,-9.752349853515625;0.0;0.1379999965429306,-0.07159999758005142,-9.805399894714355;-0.001029744278639555,0.0011519172694534063,6.981316983001307E-5;-0.03989999741315842,0.10099999606609344,0.04769999906420708;0.0,0.0,0.0;0.0;-0.6856060028076172,-0.7279289960861206,-0.00216599996201694;0.0
0.04761588200926781,-0.31158143281936646,-9.672019958496094;0.0;0.1371999979019165,-0.07109999656677246,-9.805399894714355;0.0012740903766825795,-3.316125657875091E-4,-0.0014137167017906904;-0.1371999979019165,-0.17389999330043793,0.07719999551773071;0.0,0.0,0.0;0.0;-0.6856529712677002,-0.7278850078582764,-0.002128999913111329;0.0
0.25597846508026123,-0.11839806288480759,-9.65002155303955;0.0;0.13759998977184296,-0.0714000016450882,-9.805399894714355;0.0015358896926045418,0.00205948855727911,-8.726646046852693E-5;0.1662999987602234,0.11059999465942383,0.13599999248981476;0.0,0.0,0.0;0.0;-0.6856799721717834,-0.7278599739074707,-0.0021609999239444733;0.0
0.23670035600662231,0.15528792142868042,-9.747350692749023;0.0;0.13539999723434448,-0.06639999896287918,-9.805399894714355;3.665191470645368E-4,0.0018500490114092827,7.15585018042475E-4;-0.03739999979734421,0.07620000094175339,0.028199998661875725;0.0,0.0,0.0;0.0;-0.6853690147399902,-0.7281540036201477,-0.0022690000478178263;0.0
0.020053833723068237,-0.17717093229293823,-9.784680366516113;0.0;0.13120000064373016,-0.06769999861717224,-9.805500030517578;-0.00143117003608495,-0.001117010717280209,-9.075712296180427E-4;-0.12139999866485596,-0.2263999879360199,0.06749999523162842;0.0,0.0,0.0;0.0;-0.6856359839439392,-0.7279049754142761,-0.0020719999447464943;0.0
0.11597512662410736,-0.30149704217910767,-9.665861129760742;0.0;0.13220000267028809,-0.0674000009894371,-9.805500030517578;0.0012915435945615172,0.005096361506730318,-3.490658418741077E-4;0.08339999616146088,-0.11879999935626984,0.15569999814033508;0.0,0.0,0.0;0.0;-0.685696005821228,-0.7278479933738708,-0.002119000069797039;0.0
0.28505364060401917,-0.0414675734937191,-9.669194221496582;0.0;0.1322999894618988,-0.06689999997615814,-9.805500030517578;8.203047327697277E-4,0.004258603323251009,-6.632251315750182E-4;0.15199999511241913,0.1551000028848648,0.09690000116825104;0.0,0.0,0.0;0.0;-0.6857089996337891,-0.727836012840271,-0.0021460000425577164;0.0
0.23548409342765808,0.14187082648277283,-9.767882347106934;0.0;0.12999999523162842,-0.06659999489784241,-9.805500030517578;-0.0023911010939627886,-0.001117010717280209,-0.00125663704238832;-0.022099999710917473,0.08619999885559082,0.008700000122189522;0.0,0.0,0.0;0.0;-0.6857039928436279,-0.7278410196304321,-0.002073999959975481;0.0
0.11925996840000153,0.0316321924328804,-9.788875579833984;0.0;0.12780000269412994,-0.0674000009894371,-9.805500030517578;3.490658418741077E-4,-1.7453292093705386E-4,7.330382941290736E-4;-0.11800000071525574,-0.050200000405311584,0.01850000023841858;0.0,0.0,0.0;0.0;-0.6857860088348389,-0.7277650237083435,-0.0019680000841617584;0.0
0.015792153775691986,-0.27631962299346924,-9.745157241821289;0.0;0.12680000066757202,-0.06659999489784241,-9.8056001663208;0.0013264502631500363,0.0,-0.0013962633674964309;-0.05810000002384186,-0.22749999165534973,0.11659999936819077;0.0,0.0,0.0;0.0;-0.6858279705047607,-0.7277269959449768,-0.0019650000613182783;0.0
0.19444747269153595,-0.23037008941173553,-9.652099609375;0.0;0.12799999117851257,-0.06719999760389328,-9.805500030517578;-8.203047327697277E-4,2.617993741296232E-4,-0.0017627825727686286;0.12680000066757202,0.018199998885393143,0.13619999587535858;0.0,0.0,0.0;0.0;-0.6858819723129272,-0.7276750206947327,-0.001981999957934022;0.0
0.30805715918540955,0.0709928646683693,-9.693758964538574;0.0;0.1322999894618988,-0.06319999694824219,-9.805500030517578;-4.0142572834156454E-4,-9.4247778179124E-4,-5.2359879191499203E-5;0.15199999511241913,0.1808999925851822,0.06749999523162842;0.0,0.0,0.0;0.0;-0.6856979727745056,-0.7278469800949097,-0.002277999883517623;0.0
0.21638795733451843,0.14587391912937164,-9.775659561157227;0.0;0.12999999523162842,-0.0632999986410141,-9.805500030517578;-0.003054326167330146,-0.0014137167017906904,3.490658418741077E-4;-0.012399999424815178,0.11229999363422394,0.01850000023841858;0.0,0.0,0.0;0.0;-0.6858689785003662,-0.7276870012283325,-0.0021979999728500843;0.0
0.08934203535318375,-0.0018291701562702656,-9.795637130737305;0.0;0.12709999084472656,-0.06669999659061432,-9.805500030517578;-9.4247778179124E-4,-9.599310578778386E-4,3.490658418741077E-4;-0.09769999980926514,-0.22739998996257782,0.10679999738931656;0.0,0.0,0.0;0.0;-0.6860769987106323,-0.7274919748306274,-0.0019719998817890882;0.0
0.01743936538696289,-0.20196527242660522,-9.735954284667969;0.0;0.12479999661445618,-0.06449999660253525,-9.8056001663208;-4.5378561480902135E-4,-9.4247778179124E-4,-0.0013089969288557768;0.022199999541044235,-0.17069999873638153,0.1459999978542328;0.0,0.0,0.0;0.0;-0.6860499978065491,-0.7275180220603943,-0.0019729998894035816;0.0
0.04532702639698982,-0.30322086811065674,-9.681059837341309;0.0;0.12729999423027039,-0.0632999986410141,-9.8056001663208;-7.330382941290736E-4,5.061454721726477E-4,0.0;0.14720000326633453,0.033900000154972076,0.155799999833107;0.0,0.0,0.0;0.0;-0.68607497215271,-0.7274940013885498,-0.002102999947965145;0.0
0.1813943088054657,-0.23639389872550964,-9.64948558807373;0.0;0.1290999948978424,-0.06189999729394913,-9.8056001663208;0.0018151424592360854,0.002007128670811653,-8.901178953237832E-4;0.1454000025987625,0.17960000038146973,0.09699999541044235;0.0,0.0,0.0;0.0;-0.6859449744224548,-0.727616012096405,-0.002217999892309308;0.0
0.18742768466472626,-0.20136193931102753,-9.648384094238281;0.0;0.12999999523162842,-0.0625,-9.805500030517578;0.0013264502631500363,5.759586347267032E-4,-9.4247778179124E-4;0.1445000022649765,0.18019999563694,0.08709999918937683;0.0,0.0,0.0;0.0;-0.6859660148620605,-0.7275959849357605,-0.002225999953225255;0.0
0.2775166928768158,-0.050297390669584274,-9.670113563537598;0.0;0.12759999930858612,-0.06129999831318855,-9.8056001663208;-0.002827433403581381,-0.0039618974551558495,-0.0015533430268988013;0.08799999952316284,0.17899999022483826,0.04800000041723251;0.0,0.0,0.0;0.0;-0.6859790086746216,-0.7275840044021606,-0.0021879998967051506;0.0
0.2914413809776306,0.07787859439849854,-9.697417259216309;0.0;0.12839999794960022,-0.06149999797344208,-9.8056001663208;-0.0024260077625513077,5.235987482592463E-4,-4.7123889089562E-4;-0.04019999876618385,0.07129999995231628,0.028299998492002487;0.0,0.0,0.0;0.0;-0.6860589981079102,-0.7275090217590332,-0.0022100000642240047;0.0
0.22765985131263733,0.1520509570837021,-9.74831771850586;0.0;0.12799999117851257,-0.06189999729394913,-9.8056001663208;2.4434609804302454E-4,0.0019373154500499368,8.726646192371845E-4;-0.11819999665021896,-0.1046999990940094,0.06759999692440033;0.0,0.0,0.0;0.0;-0.6861479878425598,-0.7274249792098999,-0.0021840000990778208;0.0
0.11596555262804031,0.032264262437820435,-9.770392417907715;0.0;0.12639999389648438,-0.06439999490976334,-9.8056001663208;-0.0018151424592360854,-0.0018675023457035422,-7.330382941290736E-4;-0.10669999569654465,-0.2296999990940094,0.11659999936819077;0.0,0.0,0.0;0.0;-0.6864339709281921,-0.7271549701690674,-0.00203399988822639;0.0
0.024870967492461205,-0.13787728548049927,-9.764732360839844;0.0;0.12629999220371246,-0.06390000134706497,-9.8056001663208;-0.0013264502631500363,-0.0015707963611930609,-2.9670598451048136E-4;-0.038100000470876694,-0.21059998869895935,0.155799999833107;0.0,0.0,0.0;0.0;-0.6865289807319641,-0.7270659804344177,-0.0020540000405162573;0.0
0.019852720201015472,-0.2771432101726532,-9.71987533569336;0.0;0.125900000333786,-0.06700000166893005,-9.8056001663208;-3.1415926059708E-4,-0.002199114765971899,-8.552113431505859E-4;0.16820000112056732,0.11599999666213989,0.10679999738931656;0.0,0.0,0.0;0.0;-0.6867579817771912,-0.7268490195274353,-0.0019229999743402004;0.0
0.06914454698562622,-0.30790388584136963,-9.671952247619629;0.0;0.12629999220371246,-0.06629999727010727,-9.8056001663208;-2.0943951676599681E-4,0.00188495556358248,-2.7925267932005227E-4;0.13830000162124634,0.046699997037649155,0.1753999888896942;0.0,0.0,0.0;0.0;-0.6868119835853577,-0.7267969846725464,-0.0019630000460892916;0.0
0.13520535826683044,-0.2522051930427551,-9.630858421325684;0.0;0.13030000030994415,-0.06109999865293503,-9.805500030517578;-5.2359879191499203E-5,0.0034732052590698004,5.061454721726477E-4;0.07559999823570251,0.17880000174045563,0.0478999987244606;0.0,0.0,0.0;0.0;-0.6865100264549255,-0.7270820140838623,-0.002294000005349517;0.0
0.22118592262268066,-0.1682453453540802,-9.649714469909668;0.0;0.12960000336170197,-0.0608999989926815,-9.8056001663208;-4.886921960860491E-4,-0.0031066860537976027,-0.0038746309000998735;0.10569999366998672,0.188400000333786,0.06759999692440033;0.0,0.0,0.0;0.0;-0.6865929961204529,-0.7270050048828125,-0.0022750000935047865;0.0
0.18511009216308594,-0.22566787898540497,-9.63689136505127;0.0;0.131400004029274,-0.05480000004172325,-9.8056001663208;7.679448463022709E-4,-4.1887903353199363E-4,-0.0027925267349928617;0.005699999630451202,0.13319998979568481,0.028299998492002487;0.0,0.0,0.0;0.0;-0.6862639784812927,-0.7273160219192505,-0.0025659999810159206;0.0
0.26273009181022644,-0.08855672925710678,-9.653334617614746;0.0;0.1297999918460846,-0.05909999832510948,-9.8056001663208;4.7123889089562E-4,0.003001966280862689,-9.599310578778386E-4;-0.05139999836683273,0.03949999809265137,0.05779999867081642;0.0,0.0,0.0;0.0;-0.6866499781608582,-0.726951003074646,-0.002355000004172325;0.0
0.299189031124115,0.0412377305328846,-9.693164825439453;0.0;0.12960000336170197,-0.059699997305870056,-9.8056001663208;-5.235987482592463E-4,0.005288347601890564,-5.2359879191499203E-5;-0.12960000336170197,-0.11669999361038208,0.05779999867081642;0.0,0.0,0.0;0.0;-0.6867730021476746,-0.7268339991569519,-0.0023250000085681677;0.0
0.2855803966522217,0.10513418912887573,-9.732449531555176;0.0;0.12690000236034393,-0.06059999763965607,-9.8056001663208;-9.4247778179124E-4,-3.490658418741077E-4,-1.7453292093705386E-4;-0.12690000236034393,-0.20409999787807465,0.12639999389648438;0.0,0.0,0.0;0.0;-0.6869810223579407,-0.7266389727592468,-0.0021959999576210976;0.0
0.22131042182445526,0.11495041102170944,-9.744027137756348;0.0;0.12759999930858612,-0.05949999764561653,-9.8056001663208;-1.0471975838299841E-4,0.00143117003608495,1.5707963029854E-4;-0.06879999488592148,-0.2247999906539917,0.16569998860359192;0.0,0.0,0.0;0.0;-0.6869459748268127,-0.7266719937324524,-0.002266000024974346;0.0
0.1355309784412384,0.051887139678001404,-9.767643928527832;0.0;0.13249999284744263,-0.05779999867081642,-9.805500030517578;-0.0021118484437465668,0.0010821041651070118,-9.075712296180427E-4;0.014499999582767487,-0.18719999492168427,0.18519999086856842;0.0,0.0,0.0;0.0;-0.6868969798088074,-0.7267169952392578,-0.0024969999212771654;0.0
0.05813121795654297,-0.06934566050767899,-9.752167701721191;0.0;0.13130000233650208,-0.06079999729990959,-9.805500030517578;-0.0011519172694534063,-0.0024085543118417263,-3.665191470645368E-4;0.054899998009204865,-0.11569999903440475,0.1753999888896942;0.0,0.0,0.0;0.0;-0.6871730089187622,-0.7264549732208252,-0.0023529999889433384;0.0
0.04583459720015526,-0.13370180130004883,-9.737285614013672;0.0;0.13359999656677246,-0.059699997305870056,-9.805500030517578;1.5707963029854E-4,0.0010995573829859495,-4.7123889089562E-4;0.10170000046491623,-0.05790000036358833,0.18519999086856842;0.0,0.0,0.0;0.0;-0.6872209906578064,-0.7264090180397034,-0.002469999948516488;0.0
0.029870059341192245,-0.15887922048568726,-9.72700023651123;0.0;0.13289999961853027,-0.05729999765753746,-9.805500030517578;5.2359879191499203E-5,5.061454721726477E-4,-0.00125663704238832;0.14159999787807465,0.15539999306201935,0.07729999721050262;0.0,0.0,0.0;0.0;-0.6871219873428345,-0.7265040278434753,-0.0025319999549537897;0.0
0.016577452421188354,-0.22916340827941895,-9.715968132019043;0.0;0.13220000267028809,-0.05559999868273735,-9.8056001663208;-9.075712296180427E-4,-0.002286381321027875,-7.679448463022709E-4;0.15209999680519104,0.10459999740123749,0.1459999978542328;0.0,0.0,0.0;0.0;-0.6871020197868347,-0.7265239953994751,-0.002572000026702881;0.0
