200.0
calibration_0001.txt
0.15990394353866577,-0.08158481866121292,-9.696574211120605;0.0;0.18459999561309814,-0.03629999980330467,-9.804800033569336;-0.0012391837080940604,0.0013089969288557768,-6.2831852119416E-4;-0.017899999395012856,-0.051899999380111694,0.13539999723434448;0.0,0.0,0.0;0.0;-0.7869060039520264,-0.616998016834259,-0.006266999989748001;0.0
0.33491051197052,0.516323983669281,-9.263090133666992;0.0;0.1841999888420105,-0.03539999946951866,-9.804800033569336;4.7123889089562E-4,0.006195918656885624,-5.934119690209627E-4;-0.49799999594688416,0.27079999446868896,-0.11939999461174011;0.0,0.0,0.0;0.0;-0.7865890264511108,-0.6174010038375854,-0.0062699997797608376;0.0
-0.22485385835170746,0.4578096568584442,-9.504405975341797;0.0;0.18619999289512634,-0.03449999913573265,-9.804800033569336;-7.330382941290736E-4,0.003403391921892762,0.00143117003608495;0.4804999828338623,-0.12229999899864197,0.5178999900817871;0.0,0.0,0.0;0.0;-0.7862030267715454,-0.6178910136222839,-0.0063760001212358475;0.0
0.5881882905960083,0.1573469340801239,-9.075556755065918;0.0;0.20109999179840088,-0.033399999141693115,-9.804499626159668;-2.4434609804302454E-4,0.006387905217707157,-1.5707963029854E-4;0.1517999917268753,-0.6430999636650085,-0.3158999979496002;0.0,0.0,0.0;0.0;-0.7860209941864014,-0.6181110143661499,-0.007007000036537647;0.0
0.6485987901687622,-0.3536140024662018,-9.545413970947266;0.0;0.20629999041557312,-0.031700000166893005,-9.804399490356445;-0.0012042771559208632,4.886921960860491E-4,-1.7453292457503267E-5;-0.12789998948574066,-0.6251999735832214,-0.492499977350235;0.0,0.0,0.0;0.0;-0.7859470248222351,-0.6182019710540771,-0.007267000153660774;0.0
0.6444329023361206,-0.3370365500450134,-9.569748878479004;0.0;0.2093999981880188,-0.03219999745488167,-9.804299354553223;0.0,0.002809980185702443,3.490658491500653E-5;0.045399997383356094,-0.6444000005722046,-0.3847000002861023;0.0,0.0,0.0;0.0;-0.7860540151596069,-0.6180629730224609,-0.007381000090390444;0.0
0.6593344211578369,-0.16804423928260803,-9.36058235168457;0.0;0.21050000190734863,-0.02929999865591526,-9.804299354553223;-0.00593411922454834,-2.4434609804302454E-4,-0.002687806962057948;-0.08299999684095383,-0.6471999883651733,-0.4827999770641327;0.0,0.0,0.0;0.0;-0.7860680222511292,-0.6180440187454224,-0.007511999923735857;0.0
0.3005297780036926,-0.6962051391601562,-10.17198657989502;0.0;0.21209999918937683,-0.026799999177455902,-9.804299354553223;-0.0011693706037476659,0.0011693706037476659,-1.2217304902151227E-4;-0.32979997992515564,-0.4633999764919281,-0.4925999939441681;0.0,0.0,0.0;0.0;-0.7860850095748901,-0.6180220246315002,-0.007658000104129314;0.0
-0.018301276490092278,-0.5953230857849121,-10.318970680236816;0.0;0.20349998772144318,-0.022599998861551285,-9.804499626159668;-0.0027052604127675295,-0.009354964829981327,-0.001658062799833715;-0.4682999849319458,0.31679999828338623,0.12529999017715454;0.0,0.0,0.0;0.0;-0.7860159873962402,-0.6181169748306274,-0.007445000112056732;0.0
-0.08236053586006165,-0.5564220547676086,-10.321720123291016;0.0;0.1914999932050705,-0.022299999371170998,-9.804699897766113;5.235987482592463E-4,-0.004642575979232788,5.759586347267032E-4;-0.11299999803304672,0.5321999788284302,0.6452999711036682;0.0,0.0,0.0;0.0;-0.7857750058174133,-0.6184329986572266,-0.0069679999724030495;0.0
-0.24424688518047333,0.3537289500236511,-9.624576568603516;0.0;0.1995999962091446,-0.024899998679757118,-9.804499626159668;9.075712296180427E-4,0.007155850064009428,0.00205948855727911;0.35929998755455017,0.2013999968767166,0.7235999703407288;0.0,0.0,0.0;0.0;-0.7857130169868469,-0.6185060143470764,-0.007209999952465296;0.0
0.24273374676704407,0.48197194933891296,-9.075672149658203;0.0;0.22349999845027924,-0.02579999901354313,-9.803999900817871;8.552113431505859E-4,0.014119713567197323,9.250245057046413E-4;0.28630000352859497,-0.5331000089645386,-0.03199999779462814;0.0,0.0,0.0;0.0;-0.7855219841003418,-0.6187269687652588,-0.008138000033795834;0.0
0.6579840779304504,-0.2420729547739029,-9.45112133026123;0.0;0.22579999268054962,-0.018199998885393143,-9.803999900817871;-0.0034732052590698004,-0.003630284918472171,-0.001483529806137085;-0.4512999951839447,-0.35429999232292175,-0.4438999891281128;0.0,0.0,0.0;0.0;-0.7852429747581482,-0.6190789937973022,-0.008465000428259373;0.0
-0.001455674646422267,-0.6289663910865784,-10.291389465332031;0.0;0.2157999873161316,-0.012899999506771564,-9.804200172424316;-0.003089232835918665,-2.4434609804302454E-4,-1.0471975838299841E-4;-0.26479998230934143,0.5031999945640564,0.4781000018119812;0.0,0.0,0.0;0.0;-0.7848150134086609,-0.6196309924125671,-0.00822800025343895;0.0
-0.2527223527431488,0.3472837507724762,-9.63965892791748;0.0;0.22280000150203705,-0.013199999928474426,-9.804100036621094;2.617993741296232E-4,0.004380776546895504,0.0013089969288557768;0.4341000020503998,-0.1436000019311905,0.43869999051094055;0.0,0.0,0.0;0.0;-0.7845680117607117,-0.6199380159378052,-0.008497999981045723;0.0
0.6175987124443054,0.08716809749603271,-9.159832954406738;0.0;0.2313999980688095,-0.01119999960064888,-9.803899765014648;1.9198621157556772E-4,0.006859143730252981,-1.3962633966002613E-4;-0.29019999504089355,-0.5575000047683716,-0.49300000071525574;0.0,0.0,0.0;0.0;-0.7842940092086792,-0.6202759742736816,-0.00889899954199791;0.0
0.12903788685798645,-0.6966073513031006,-10.263310432434082;0.0;0.22499999403953552,-0.006899999920278788,-9.803999900817871;-0.003176499158143997,-0.0049916417337954044,-9.773843921720982E-4;-0.3425999879837036,0.448199987411499,0.399399995803833;0.0,0.0,0.0;0.0;-0.7839530110359192,-0.6207129955291748,-0.008774000220000744;0.0
-0.2916233539581299,0.2627205550670624,-9.7373046875;0.0;0.22709999978542328,-0.0058999997563660145,-9.803999900817871;0.003089232835918665,0.005602506920695305,4.886921960860491E-4;0.3709999918937683,0.11379999667406082,0.6837999820709229;0.0,0.0,0.0;0.0;-0.7836710214614868,-0.6210669875144958,-0.008887000381946564;0.0
0.29534873366355896,0.4808131754398346,-9.06287670135498;0.0;0.23919999599456787,-0.004699999932199717,-9.803699493408203;-0.0012042771559208632,0.004398229531943798,7.330382941290736E-4;0.3098999857902527,-0.5051000118255615,0.03629999980330467;0.0,0.0,0.0;0.0;-0.7835389971733093,-0.6212220191955566,-0.00940799992531538;0.0
0.6579362154006958,-0.12838667631149292,-9.308837890625;0.0;0.2449999898672104,-0.0018999999156221747,-9.803500175476074;-0.0033859387040138245,-0.0016406094655394554,5.2359879191499203E-5;-0.4509999752044678,-0.4098999798297882,-0.47369998693466187;0.0,0.0,0.0;0.0;-0.7834320068359375,-0.6213510036468506,-0.009728999808430672;0.0
-0.058973975479602814,-0.6104448437690735,-10.328824996948242;0.0;0.24849998950958252,2.9999998514540493E-4,-9.803500175476074;-3.490658418741077E-4,0.004660028964281082,2.7925267932005227E-4;-0.14059999585151672,0.5095999836921692,0.6636999845504761;0.0,0.0,0.0;0.0;-0.7831040024757385,-0.6217600107192993,-0.009933999739587307;0.0
-0.0648062527179718,0.5136998891830444,-9.331822395324707;0.0;0.2533999979496002,0.0023999998811632395,-9.803299903869629;-7.853981805965304E-4,0.001658062799833715,-7.679448463022709E-4;0.2759999930858612,-0.5320000052452087,0.016300000250339508;0.0,0.0,0.0;0.0;-0.7827820181846619,-0.6221609711647034,-0.010196000337600708;0.0
0.33669179677963257,-0.6928245425224304,-10.110282897949219;0.0;0.2574999928474426,0.005699999630451202,-9.803199768066406;-0.002775073517113924,-0.010070549324154854,-0.0021642083302140236;-0.5712999701499939,0.11189999431371689,-0.08179999887943268;0.0,0.0,0.0;0.0;-0.7825539708137512,-0.6224430203437805,-0.010460999794304371;0.0
-0.3175477683544159,0.1769985556602478,-9.847821235656738;0.0;0.26510000228881836,0.005399999674409628,-9.802999496459961;-2.617993741296232E-4,0.002234021434560418,0.0010995573829859495;0.36239999532699585,-0.005399999674409628,0.5848000049591064;0.0,0.0,0.0;0.0;-0.7823039889335632,-0.6227489709854126,-0.010749000124633312;0.0
0.6102820634841919,0.12512098252773285,-9.120299339294434;0.0;0.27410000562667847,0.010699999518692493,-9.802800178527832;-0.004241149872541428,8.726646046852693E-5,-8.726646192371845E-4;-0.5683000087738037,-0.25589999556541443,-0.3763999938964844;0.0,0.0,0.0;0.0;-0.7818359732627869,-0.6233270168304443,-0.011270999908447266;0.0
0.18134641647338867,-0.6971245408058167,-10.231103897094727;0.0;0.2645999789237976,0.012999999336898327,-9.802999496459961;-3.1415926059708E-4,-0.003298672381788492,8.726646192371845E-4;0.23539999127388,0.29089999198913574,0.7906999588012695;0.0,0.0,0.0;0.0;-0.7815020084381104,-0.6237549781799316,-0.010963999666273594;0.0
0.26915615797042847,0.5037687420845032,-9.071534156799316;0.0;0.2800000011920929,0.014800000004470348,-9.802599906921387;-0.00251327408477664,0.00753982225432992,-3.490658418741077E-4;-0.1818999946117401,-0.6816999912261963,-0.45509999990463257;0.0,0.0,0.0;0.0;-0.7812380194664001,-0.624068021774292,-0.011630999855697155;0.0
0.29615315794944763,-0.6948164701461792,-10.139884948730469;0.0;0.2694999873638153,0.018699999898672104,-9.802899360656738;-7.504915702156723E-4,-0.007120943162590265,-3.490658418741077E-4;-0.12239999324083328,0.510699987411499,0.6924999952316284;0.0,0.0,0.0;0.0;-0.780892014503479,-0.6245129704475403,-0.01133199967443943;0.0
0.006138733588159084,0.5337920784950256,-9.287328720092773;0.0;0.2775999903678894,0.017799999564886093,-9.80270004272461;0.0014137167017906904,0.0061610122211277485,0.0012740903766825795;-0.012899999506771564,-0.7139999866485596,-0.34709998965263367;0.0,0.0,0.0;0.0;-0.7806869745254517,-0.6247599720954895,-0.011621999554336071;0.0
0.4736401438713074,-0.6249058246612549,-9.941511154174805;0.0;0.273499995470047,0.022299999371170998,-9.802800178527832;-0.0024958208668977022,-9.599310578778386E-4,-0.0017627825727686286;-0.44999998807907104,0.4090999960899353,0.3197000026702881;0.0,0.0,0.0;0.0;-0.7803549766540527,-0.6251789927482605,-0.011598999612033367;0.0
-0.30430305004119873,0.2559497356414795,-9.751075744628906;0.0;0.2759999930858612,0.024000000208616257,-9.80270004272461;-0.0026179938577115536,-1.9198621157556772E-4,2.2689280740451068E-4;0.3024999797344208,-0.49469998478889465,0.13329999148845673;0.0,0.0,0.0;0.0;-0.7800269722938538,-0.6255859732627869,-0.011746999807655811;0.0
0.6409947872161865,-0.2807728350162506,-9.414566040039062;0.0;0.27300000190734863,0.02889999933540821,-9.802800178527832;-0.0024260077625513077,-0.0012740903766825795,-0.0013089969288557768;-0.6064000129699707,0.010199999436736107,-0.11169999837875366;0.0,0.0,0.0;0.0;-0.7797300219535828,-0.6259580254554749,-0.011780000291764736;0.0
-0.28893226385116577,-0.268887996673584,-10.154451370239258;0.0;0.27059999108314514,0.030799999833106995,-9.802800178527832;-0.0012042771559208632,-0.0019198621157556772,-3.8397242315113544E-4;0.30789998173713684,0.13580000400543213,0.7806999683380127;0.0,0.0,0.0;0.0;-0.7793449759483337,-0.6264399886131287,-0.0117419995367527;0.0
0.4603092074394226,0.36421555280685425,-8.962540626525879;0.0;0.2773999869823456,0.030700000002980232,-9.802599906921387;-6.632251315750182E-4,0.002286381321027875,-0.0011868239380419254;-0.5519999861717224,-0.24639999866485596,-0.2883000075817108;0.0,0.0,0.0;0.0;-0.7790380120277405,-0.6268140077590942,-0.012002999894320965;0.0
-0.08196789026260376,-0.5600612163543701,-10.208483695983887;0.0;0.2786000072956085,0.03309999778866768,-9.802599906921387;0.0011344640515744686,-0.004904375411570072,-0.0015882495790719986;0.17239999771118164,0.3100999891757965,0.8883000016212463;0.0,0.0,0.0;0.0;-0.778639018535614,-0.6273080110549927,-0.012125999666750431;0.0
0.0399257093667984,0.5460025072097778,-9.113424301147461;0.0;0.28129997849464417,0.033299997448921204,-9.802499771118164;-0.0015358896926045418,-0.005375613924115896,-0.0012915435945615172;0.1500999927520752,-0.670799970626831,-0.06289999932050705;0.0,0.0,0.0;0.0;-0.7783889770507812,-0.6276149749755859,-0.012234999798238277;0.0
0.6788902878761292,-0.21627302467823029,-9.297536849975586;0.0;0.27869999408721924,0.03399999812245369,-9.802599906921387;-0.0018675023457035422,-5.585053586401045E-4,-2.4434609804302454E-4;-0.5924999713897705,-0.298799991607666,-0.30799999833106995;0.0,0.0,0.0;0.0;-0.7783910036087036,-0.6276159882545471,-0.012153999879956245;0.0
-0.024660278111696243,-0.6545076966285706,-10.235815048217773;0.0;0.2815999984741211,0.0364999994635582,-9.802499771118164;-3.316125657875091E-4,0.004747295752167702,-6.806784076616168E-4;-0.07569999992847443,0.4537999927997589,0.7901999950408936;0.0,0.0,0.0;0.0;-0.7780010104179382,-0.6280949711799622,-0.012346000410616398;0.0
0.1337975561618805,0.5344815850257874,-9.072013854980469;0.0;0.3005000054836273,0.03680000081658363,-9.801899909973145;-5.235987482592463E-4,0.012007865123450756,0.0010646508308127522;-0.09459999948740005,-0.7428999543190002,-0.34790000319480896;0.0,0.0,0.0;0.0;-0.7777810096740723,-0.6283450126647949,-0.0131029998883605;0.0
0.5602623224258423,-0.5167165994644165,-9.69161319732666;0.0;0.2902999818325043,0.04129999876022339,-9.802199363708496;-0.003298672381788492,-0.0067544239573180676,-0.0023911010939627886;-0.6040999889373779,0.1939999908208847,0.03480000048875809;0.0,0.0,0.0;0.0;-0.7775539755821228,-0.628637969493866,-0.012835999950766563;0.0
-0.3230927288532257,-0.2445724904537201,-10.178450584411621;0.0;0.2924000024795532,0.039000000804662704,-9.802199363708496;0.006544984877109528,0.012880530208349228,0.0028797932900488377;0.3252999782562256,-0.06839999556541443,0.6035000085830688;0.0,0.0,0.0;0.0;-0.7773429751396179,-0.6288959980010986,-0.012845000252127647;0.0
0.43573513627052307,0.36542221903800964,-9.040611267089844;0.0;0.3042999804019928,0.03920000046491623,-9.801799774169922;-0.004660028964281082,0.0042236968874931335,-0.0018500490114092827;-0.588699996471405,-0.3823999762535095,-0.44609999656677246;0.0,0.0,0.0;0.0;-0.777101993560791,-0.6291790008544922,-0.013318999670445919;0.0
0.04898536577820778,-0.6922690272331238,-10.292232513427734;0.0;0.2928999960422516,0.04360000044107437,-9.80210018157959;-0.003403391921892762,-0.003944444004446268,-6.981316983001307E-5;-0.23399999737739563,0.46629998087882996,0.6328999996185303;0.0,0.0,0.0;0.0;-0.7767890095710754,-0.6295790076255798,-0.013004999607801437;0.0
-0.2926097512245178,0.2924373745918274,-9.71703052520752;0.0;0.3012999892234802,0.042399998754262924,-9.801899909973145;-0.0015882495790719986,-7.330382941290736E-4,-7.853981805965304E-4;0.3261999785900116,-0.33660000562667847,0.3287000060081482;0.0,0.0,0.0;0.0;-0.776511013507843,-0.6299110054969788,-0.013326999731361866;0.0
0.49622225761413574,0.2702000141143799,-9.074263572692871;0.0;0.30959999561309814,0.0421999990940094,-9.801599502563477;-8.028514566831291E-4,0.005602506920695305,0.0;-0.43709999322891235,-0.5913000106811523,-0.5148999691009521;0.0,0.0,0.0;0.0;-0.7765120267868042,-0.6298999786376953,-0.01361900009214878;0.0
0.38134846091270447,-0.6856131553649902,-10.055838584899902;0.0;0.30079999566078186,0.04690000042319298,-9.801899909973145;-0.001518436474725604,-0.003054326167330146,-0.0012740903766825795;-0.3791999816894531,0.4334999918937683,0.4658999741077423;0.0,0.0,0.0;0.0;-0.7761579751968384,-0.6303460001945496,-0.013415000401437283;0.0
-0.3464505672454834,0.009844956919550896,-10.011306762695312;0.0;0.30159997940063477,0.04959999769926071,-9.801799774169922;-0.0019896754529327154,-0.0032114058267325163,-1.5707963029854E-4;0.31610000133514404,-0.04959999769926071,0.5835999846458435;0.0,0.0,0.0;0.0;-0.7759360074996948,-0.6306179761886597,-0.013534000143408775;0.0
0.1896686553955078,0.5109801292419434,-9.115242958068848;0.0;0.31119999289512634,0.05089999735355377,-9.801499366760254;-6.108652451075613E-4,0.006859143730252981,0.0010995573829859495;-0.08569999784231186,-0.7667999863624573,-0.38749998807907104;0.0,0.0,0.0;0.0;-0.7758269906044006,-0.6307399868965149,-0.013956000097095966;0.0
0.5985504388809204,-0.4354861378669739,-9.622057914733887;0.0;0.3127000033855438,0.05260000005364418,-9.801499366760254;1.2217304902151227E-4,0.003996803890913725,-5.759586347267032E-4;-0.6265000104904175,0.17289999127388,-0.0050999997183680534;0.0,0.0,0.0;0.0;-0.7755709886550903,-0.6310520172119141,-0.014065000228583813;0.0
-0.24879586696624756,-0.4234672486782074,-10.300162315368652;0.0;0.3165999948978424,0.05480000004172325,-9.801300048828125;-0.002809980185702443,0.0013264502631500363,-1.0471975838299841E-4;0.23249998688697815,0.10199999809265137,0.6909999847412109;0.0,0.0,0.0;0.0;-0.7752519845962524,-0.6314389705657959,-0.014283999800682068;0.0
