35.0
calibration_0003.txt
0.04251144453883171,0.1380305141210556,-9.592513084411621;0.0;0.016899999231100082,0.13329999148845673,-9.805699348449707;-0.0019373154500499368,-0.0012740903766825795,-3.316125657875091E-4;0.002699999837204814,-0.0058999997563660145,0.23439998924732208;0.0,0.0,0.0;0.0;0.6383870244026184,-0.7696840167045593,-0.004683999810367823;0.0
0.07591534405946732,0.06294835358858109,-9.542340278625488;0.0;0.014399999752640724,0.13490000367164612,-9.805699348449707;-0.0012740903766825795,0.0016755161341279745,0.00125663704238832;-0.47529998421669006,0.9240999817848206,0.0284000001847744;0.0,0.0,0.0;0.0;0.6383029818534851,-0.7697529792785645,-0.004827000200748444;0.0
-0.34963005781173706,-0.6347411274909973,-9.933782577514648;0.0;0.010599999688565731,0.1370999962091446,-9.8056001663208;-2.2689280740451068E-4,0.0010122909443452954,-0.0023038345389068127;-0.6675999760627747,0.5688999891281128,-0.08919999748468399;0.0,0.0,0.0;0.0;0.6383910179138184,-0.7696790099143982,-0.005034999921917915;0.0
0.8940619230270386,-0.10504799336194992,-9.124063491821289;0.0;0.008700000122189522,0.13499999046325684,-9.805699348449707;0.002914699725806713,0.005916666239500046,0.0023387412074953318;0.19709999859333038,-0.8901000022888184,0.1460999995470047;0.0,0.0,0.0;0.0;0.6385070085525513,-0.7695840001106262,-0.005014999769628048;0.0
-0.23479457199573517,1.0312784910202026,-9.617000579833984;0.0;0.006599999964237213,0.1322999894618988,-9.805699348449707;-0.0013962633674964309,0.0010122909443452954,1.5707963029854E-4;0.79749995470047,0.31869998574256897,0.7148999571800232;0.0,0.0,0.0;0.0;0.6385219693183899,-0.7695729732513428,-0.004978999961167574;0.0
-0.7411203384399414,-0.052164867520332336,-10.09439468383789;0.0;0.01269999984651804,0.12879998981952667,-9.805699348449707;4.1887903353199363E-4,1.7453292093705386E-4,0.0013962633674964309;0.3009999990463257,0.8223999738693237,0.4795999825000763;0.0,0.0,0.0;0.0;0.6385610103607178,-0.7695419788360596,-0.004639000166207552;0.0
-0.6255282759666443,-0.3181127905845642,-10.101357460021973;0.0;0.02019999921321869,0.12809999287128448,-9.805699348449707;-0.005515240598469973,0.003054326167330146,4.3633230961859226E-4;0.7642999887466431,0.3522999882698059,0.6560999751091003;0.0,0.0,0.0;0.0;0.638562023639679,-0.7695410251617432,-0.004370000213384628;0.0
-0.7355849742889404,0.3933194577693939,-10.07772159576416;0.0;0.0210999995470047,0.12780000269412994,-9.805699348449707;-0.005427973810583353,-0.008220500312745571,-0.00502654816955328;0.7926999926567078,0.23499999940395355,0.6560999751091003;0.0,0.0,0.0;0.0;0.6384909749031067,-0.7696009874343872,-0.004279000218957663;0.0
-0.7184903621673584,0.4861665964126587,-10.062408447265625;0.0;0.02019999921321869,0.12870000302791595,-9.805699348449707;-0.0036128314677625895,-0.0051312679424881935,-0.003926991019397974;0.8132999539375305,0.15559999644756317,0.6462999582290649;0.0,0.0,0.0;0.0;0.6385560035705566,-0.7695459723472595,-0.004393999930471182;0.0
-0.7075440883636475,0.5270787477493286,-10.066632270812988;0.0;0.019099999219179153,0.1306999921798706,-9.805699348449707;-0.006213372107595205,-0.008168140426278114,-0.003804817795753479;0.8241999745368958,0.1241999939084053,0.6658999919891357;0.0,0.0,0.0;0.0;0.638467013835907,-0.7696189880371094,-0.004414000082761049;0.0
-0.6503897309303284,0.6538755893707275,-10.008902549743652;0.0;0.018699999898672104,0.13079999387264252,-9.805699348449707;-0.005096361506730318,-0.0062831854447722435,-0.0032463124953210354;0.8245999813079834,0.16329999268054962,0.6365000009536743;0.0,0.0,0.0;0.0;0.6384639739990234,-0.7696210145950317,-0.004524999763816595;0.0
-0.13548308610916138,1.0332800149917603,-9.685273170471191;0.0;0.016099998727440834,0.13300000131130219,-9.805699348449707;-0.0036826448049396276,8.203047327697277E-4,0.0012915435945615172;0.27799999713897705,-0.8292999863624573,0.17559999227523804;0.0,0.0,0.0;0.0;0.638342022895813,-0.7697219848632812,-0.004693999886512756;0.0
0.8425578474998474,0.13603854179382324,-9.188447952270508;0.0;0.01640000008046627,0.13289999961853027,-9.805699348449707;0.003001966280862689,0.006510077975690365,0.0025656339712440968;-0.7518999576568604,0.16120000183582306,-0.30489999055862427;0.0,0.0,0.0;0.0;0.6381509900093079,-0.7698799967765808,-0.004683000035583973;0.0
-0.32450053095817566,-0.6339462995529175,-9.995102882385254;0.0;0.02159999869763851,0.1305999904870987,-9.805699348449707;8.901178953237832E-4,0.006213372107595205,-7.679448463022709E-4;0.5372999906539917,0.64410001039505,0.5187999606132507;0.0,0.0,0.0;0.0;0.6381970047950745,-0.7698429822921753,-0.004422000143676996;0.0
-0.3112558126449585,0.9677363038063049,-9.826024055480957;0.0;0.015599999576807022,0.13210000097751617,-9.805699348449707;-0.0026703537441790104,-0.00296705961227417,-5.934119690209627E-4;-0.015599999576807022,-0.8675999641418457,-0.010699999518692493;0.0,0.0,0.0;0.0;0.6383169889450073,-0.769743025302887,-0.004674999974668026;0.0
0.7353455424308777,-0.33625125885009766,-9.344263076782227;0.0;0.019299998879432678,0.131400004029274,-9.805699348449707;5.061454721726477E-4,0.007382742594927549,0.0020769417751580477;-0.34289997816085815,0.8197000026702881,-0.010699999518692493;0.0,0.0,0.0;0.0;0.6382359862327576,-0.7698100209236145,-0.004532999824732542;0.0
-0.7272818684577942,0.21261468529701233,-10.10279369354248;0.0;0.019299998879432678,0.1298999935388565,-9.805699348449707;-2.9670598451048136E-4,0.0018500490114092827,6.981316983001307E-5;0.5493999719619751,-0.679099977016449,0.3520999848842621;0.0,0.0,0.0;0.0;0.6383640170097351,-0.7697049975395203,-0.004472999833524227;0.0
0.8350400924682617,0.2932130992412567,-9.199997901916504;0.0;0.018400000408291817,0.1340000033378601,-9.805699348449707;0.0010995573829859495,0.004747295752167702,6.457717972807586E-4;-0.6754999756813049,0.3757999837398529,-0.24609999358654022;0.0,0.0,0.0;0.0;0.6380730271339417,-0.7699440121650696,-0.0046629998832941055;0.0
-0.6163824200630188,-0.2872658967971802,-10.110406875610352;0.0;0.022099999710917473,0.13409999012947083,-9.805699348449707;-0.006230825558304787,8.377580670639873E-4,4.7123889089562E-4;0.5073999762535095,-0.7028999924659729,0.33239999413490295;0.0,0.0,0.0;0.0;0.6382189989089966,-0.7698230147361755,-0.0045460001565515995;0.0
0.8185104727745056,0.2674514651298523,-9.1904878616333;0.0;0.021900000050663948,0.13349999487400055,-9.805699348449707;6.806784076616168E-4,0.0028972465079277754,0.004485496319830418;-0.7378000020980835,0.10179999470710754,-0.27549999952316284;0.0,0.0,0.0;0.0;0.6379539966583252,-0.7700430154800415,-0.0045289997942745686;0.0
-0.5806513428688049,-0.36501041054725647,-10.052247047424316;0.0;0.023499999195337296,0.1298999935388565,-9.805699348449707;-0.003752457909286022,-0.004974188283085823,-0.005829399451613426;0.7414000034332275,0.3308999836444855,0.6462999582290649;0.0,0.0,0.0;0.0;0.6382960081100464,-0.7697610259056091,-0.004333999939262867;0.0
0.31663796305656433,0.9651505947113037,-9.376479148864746;0.0;0.012600000016391277,0.13699999451637268,-9.8056001663208;-0.0024260077625513077,7.330382941290736E-4,0.0030194194987416267;-0.45389997959136963,-0.6468999981880188,-0.13819999992847443;0.0,0.0,0.0;0.0;0.6381120085716248,-0.769910991191864,-0.0049669998697936535;0.0
0.04739561676979065,-0.7304996848106384,-9.716169357299805;0.0;0.019700000062584877,0.13199999928474426,-9.805699348449707;-2.7925267932005227E-4,0.0030717793852090836,-0.002687806962057948;0.33319997787475586,0.7896999716758728,0.4795999825000763;0.0,0.0,0.0;0.0;0.6381949782371521,-0.7698439955711365,-0.004542000126093626;0.0
-0.16378255188465118,1.0341036319732666,-9.649226188659668;0.0;0.015099999494850636,0.13429999351501465,-9.805699348449707;-0.0017627825727686286,8.377580670639873E-4,7.853981805965304E-4;0.09269999712705612,-0.8598999977111816,0.19519999623298645;0.0,0.0,0.0;0.0;0.638159990310669,-0.7698720097541809,-0.004778999835252762;0.0
0.6404010653495789,-0.47386041283607483,-9.31745719909668;0.0;0.019199999049305916,0.13349999487400055,-9.805699348449707;0.0027925267349928617,0.00427605677396059,0.0020769417751580477;-0.34279999136924744,0.847000002861023,0.04809999838471413;0.0,0.0,0.0;0.0;0.6379129886627197,-0.7700759768486023,-0.004619999788701534;0.0
-0.6435805559158325,0.6113545894622803,-9.959284782409668;0.0;0.013399999588727951,0.13319998979568481,-9.805699348449707;-0.0011344640515744686,-0.0031241392716765404,-0.0019896754529327154;0.21209999918937683,-0.8392999768257141,0.21480000019073486;0.0,0.0,0.0;0.0;0.6382899880409241,-0.7697650194168091,-0.004790999926626682;0.0
0.5868092775344849,-0.5380536913871765,-9.39147663116455;0.0;0.02070000022649765,0.13159999251365662,-9.805699348449707;0.0016057029133662581,0.005689773242920637,0.0010471974965184927;0.20469999313354492,0.8488999605178833,0.3520999848842621;0.0,0.0,0.0;0.0;0.6381189823150635,-0.7699069976806641,-0.004492000211030245;0.0
-0.1908944845199585,1.0212706327438354,-9.708612442016602;0.0;0.01860000006854534,0.13349999487400055,-9.805699348449707;-0.004642575979232788,5.2359879191499203E-5,-5.585053586401045E-4;-0.5383999943733215,-0.515999972820282,-0.2263999879360199;0.0,0.0,0.0;0.0;0.637910008430481,-0.7700790166854858,-0.004637000150978565;0.0
-0.2535363733768463,-0.6503226161003113,-9.922624588012695;0.0;0.019099999219179153,0.13050000369548798,-9.805699348449707;-0.001483529806137085,0.003054326167330146,0.0010821041651070118;0.8143999576568604,-0.10109999775886536,0.5874999761581421;0.0,0.0,0.0;0.0;0.6381629705429077,-0.7698709964752197,-0.004503000061959028;0.0
0.7666329145431519,0.4899015426635742,-9.23363208770752;0.0;0.014399999752640724,0.13609999418258667,-9.8056001663208;-0.0011868239380419254,-0.001117010717280209,-0.002199114765971899;-0.543999969959259,0.6286999583244324,-0.15779998898506165;0.0,0.0,0.0;0.0;0.6378520131111145,-0.7701259851455688,-0.004877000115811825;0.0
-0.7020469903945923,0.3874201476573944,-10.088399887084961;0.0;0.00559999980032444,0.14399999380111694,-9.805500030517578;-0.004485496319830418,0.004049163777381182,0.0012740903766825795;-0.3781999945640564,-0.6930999755859375,-0.18729999661445618;0.0,0.0,0.0;0.0;0.638034999370575,-0.7699710130691528,-0.005470000207424164;0.0
-0.04011724516749382,-0.7203387022018433,-9.826272964477539;0.0;0.01889999955892563,0.1347000002861023,-9.805699348449707;0.0019896754529327154,0.008918632753193378,-0.001483529806137085;0.5694000124931335,0.5909000039100647,0.499099999666214;0.0,0.0,0.0;0.0;0.6380800008773804,-0.7699379920959473,-0.004674999974668026;0.0
0.4075410068035126,0.8854236602783203,-9.401446342468262;0.0;0.012299999594688416,0.14019998908042908,-9.8056001663208;-8.901178953237832E-4,0.00411897711455822,0.005061454605311155;-0.679099977016449,-0.23829999566078186,-0.3245999813079834;0.0,0.0,0.0;0.0;0.6378229856491089,-0.770147979259491,-0.005107000004500151;0.0
-0.38498765230178833,-0.5843576192855835,-10.003510475158691;0.0;0.019099999219179153,0.13490000367164612,-9.805699348449707;-3.490658418741077E-4,2.0943951676599681E-4,-0.005218534264713526;0.7155999541282654,0.38519999384880066,0.5482000112533569;0.0,0.0,0.0;0.0;0.6380119919776917,-0.7699940204620361,-0.004635999910533428;0.0
0.5940684676170349,0.7470483779907227,-9.2935152053833;0.0;0.016599999740719795,0.1386999934911728,-9.8056001663208;1.5707963029854E-4,0.0037350046914070845,0.0055850534699857235;-0.7030999660491943,-0.1386999934911728,-0.3147999942302704;0.0,0.0,0.0;0.0;0.6376760005950928,-0.7702710032463074,-0.004906999878585339;0.0
-0.6535117030143738,-0.21356278657913208,-10.11341381072998;0.0;0.018299998715519905,0.13210000097751617,-9.805699348449707;-0.002007128670811653,-0.0012391837080940604,-0.0016231562476605177;0.6974999904632568,-0.45569998025894165,0.4697999954223633;0.0,0.0,0.0;0.0;0.6381379961967468,-0.7698910236358643,-0.0045889997854828835;0.0
0.8131953477859497,-0.1303595006465912,-9.276104927062988;0.0;0.0210999995470047,0.1363999992609024,-9.8056001663208;0.0022165682166814804,0.00518362782895565,0.0021118484437465668;-0.22699999809265137,0.8636999726295471,0.0284000001847744;0.0,0.0,0.0;0.0;0.637578010559082,-0.7703520059585571,-0.004674999974668026;0.0
-0.35827791690826416,0.9196895360946655,-9.87341022491455;0.0;0.01489999983459711,0.1403999924659729,-9.8056001663208;-0.0039618974551558495,-9.075712296180427E-4,-5.061454721726477E-4;-0.16200000047683716,-0.8366999626159668,-0.05979999899864197;0.0,0.0,0.0;0.0;0.6377180218696594,-0.7702360153198242,-0.005030000116676092;0.0
0.02717897854745388,-0.7362552881240845,-9.78908634185791;0.0;0.02019999921321869,0.13779999315738678,-9.8056001663208;-0.0016406094655394554,0.005532693583518267,5.585053586401045E-4;0.49939998984336853,0.676099956035614,0.45009997487068176;0.0,0.0,0.0;0.0;0.637749969959259,-0.7702100276947021,-0.004749999847263098;0.0
0.3204878568649292,0.9571252465248108,-9.463733673095703;0.0;0.017500000074505806,0.14270000159740448,-9.805500030517578;5.934119690209627E-4,0.0025307273026555777,0.0026703537441790104;-0.6744999885559082,-0.2897999882698059,-0.28540000319480896;0.0,0.0,0.0;0.0;0.6373710036277771,-0.7705219984054565,-0.005040000192821026;0.0
-0.5774718523025513,-0.3743094801902771,-10.090008735656738;0.0;0.018199998885393143,0.13619999587535858,-9.8056001663208;-0.0012042771559208632,0.0017278759041801095,8.726646192371845E-4;0.795699954032898,-0.21469999849796295,0.5482000112533569;0.0,0.0,0.0;0.0;0.6379510164260864,-0.7700449824333191,-0.004757000133395195;0.0
-0.6919913291931152,0.36446455121040344,-10.101213455200195;0.0;0.017400000244379044,0.13830000162124634,-9.8056001663208;0.0031939526088535786,-0.002949606394395232,-0.0015882495790719986;-0.6449999809265137,0.44999998807907104,-0.24609999358654022;0.0,0.0,0.0;0.0;0.6376100182533264,-0.7703250050544739,-0.004867000039666891;0.0
0.26823678612709045,-0.7102542519569397,-9.66524887084961;0.0;0.010699999518692493,0.14309999346733093,-9.805500030517578;0.005811946466565132,0.012985249981284142,0.0011344640515744686;-8.999999845400453E-4,-0.878600001335144,0.038100000470876694;0.0,0.0,0.0;0.0;0.6379709839820862,-0.7700250148773193,-0.005200999788939953;0.0
0.26823678612709045,-0.7102542519569397,-9.66524887084961;0.0;0.02159999869763851,0.13609999418258667,-9.8056001663208;0.005811946466565132,0.012985249981284142,0.0011344640515744686;0.027300000190734863,0.8934999704360962,0.19509999454021454;0.0,0.0,0.0;0.0;0.6377009749412537,-0.7702509760856628,-0.004641000181436539;0.0
-0.11113884299993515,-0.7075918912887573,-9.80871868133545;0.0;0.007899999618530273,0.14309999346733093,-9.8056001663208;0.0016057029133662581,0.006981316953897476,-0.001483529806137085;-0.2922999858856201,-0.7706999778747559,-0.11869999766349792;0.0,0.0,0.0;0.0;0.6378120183944702,-0.7701560258865356,-0.005361999850720167;0.0
0.10978851467370987,1.0362104177474976,-9.533289909362793;0.0;0.017899999395012856,0.13509999215602875,-9.805699348449707;-0.003298672381788492,0.0015707963611930609,0.003089232835918665;0.3644999861717224,0.7865999937057495,0.4108999967575073;0.0,0.0,0.0;0.0;0.6378340125083923,-0.7701410055160522,-0.0047109997831285;0.0
-0.026010606437921524,-0.7368012070655823,-9.744353294372559;0.0;0.014499999582767487,0.13619999587535858,-9.8056001663208;0.0023911010939627886,0.007365289609879255,7.853981805965304E-4;-0.024299999698996544,-0.8618999719619751,0.06759999692440033;0.0,0.0,0.0;0.0;0.6379929780960083,-0.7700099945068359,-0.004875999875366688;0.0
0.13397952914237976,1.0500394105911255,-9.538164138793945;0.0;0.02199999988079071,0.13279999792575836,-9.805699348449707;-0.0022689281031489372,-1.2217304902151227E-4,0.0011344640515744686;0.09559999406337738,0.9065999984741211,0.2833999991416931;0.0,0.0,0.0;0.0;0.6377769708633423,-0.7701900005340576,-0.0044999998062849045;0.0
0.13371138274669647,-0.7295994162559509,-9.679671287536621;0.0;0.015199999324977398,0.1347000002861023,-9.805699348449707;0.001658062799833715,0.004433136433362961,6.2831852119416E-4;0.1022999957203865,-0.8603999614715576,0.1362999975681305;0.0,0.0,0.0;0.0;0.6380079984664917,-0.7699970006942749,-0.0047900001518428326;0.0
-0.2995050549507141,0.9534764289855957,-9.80020523071289;0.0;0.017799999564886093,0.1348000019788742,-9.805699348449707;-0.001117010717280209,-0.0039618974551558495,-1.9198621157556772E-4;-0.31200000643730164,0.8064999580383301,0.008799999952316284;0.0,0.0,0.0;0.0;0.6376500129699707,-0.7702940106391907,-0.0047160000540316105;0.0
