79.0
calibration_0009.txt
-0.006081271916627884,-0.06716214865446091,-9.710078239440918;0.0;-0.004299999680370092,-0.06780000030994415,-9.80639934539795;-0.003403391921892762,-0.0013613568153232336,-0.0017278759041801095;0.004299999680370092,0.008899999782443047,0.11739999800920486;0.0,0.0,0.0;0.0;-0.984798014163971,-0.17366500198841095,8.270000107586384E-4;0.0
0.0239324402064085,0.19522321224212646,-9.591297149658203;0.0;-0.011899999342858791,-0.06809999793767929,-9.80639934539795;-0.001029744278639555,0.0015882495790719986,-0.002024581888690591;0.0510999970138073,0.24459999799728394,0.2547000050544739;0.0,0.0,0.0;0.0;-0.9848780035972595,-0.17321300506591797,0.001196000026538968;0.0
-0.29547321796417236,-0.19511786103248596,-9.912923812866211;0.0;-0.01249999925494194,-0.0689999982714653,-9.806300163269043;-0.004014257341623306,-8.726646192371845E-4,-0.0015882495790719986;0.23799999058246613,0.1670999974012375,0.4115999937057495;0.0,0.0,0.0;0.0;-0.9848650097846985,-0.1732809990644455,0.0012440000427886844;0.0
-0.2580278813838959,-0.07046613842248917,-9.816878318786621;0.0;-0.014699999243021011,-0.0681999996304512,-9.80639934539795;-0.006719517521560192,-0.0033684854861348867,-0.00251327408477664;0.26969999074935913,0.058399997651576996,0.31349998712539673;0.0,0.0,0.0;0.0;-0.9848520159721375,-0.17335699498653412,0.0013419999741017818;0.0
0.21699129045009613,0.11085154116153717,-9.431181907653809;0.0;-0.016099998727440834,-0.06870000064373016,-9.806300163269043;-0.0020943949930369854,0.0033859387040138245,0.0013613568153232336;0.016099998727440834,-0.17639999091625214,0.029099998995661736;0.0,0.0,0.0;0.0;-0.984836995601654,-0.173443004488945,0.0014230000087991357;0.0
0.2736859619617462,0.03549164533615112,-9.440557479858398;0.0;-0.014999999664723873,-0.07009999454021454,-9.806300163269043;-0.00125663704238832,0.0015358896926045418,2.7925267932005227E-4;-0.2692999839782715,-0.08669999986886978,-0.09829999506473541;0.0,0.0,0.0;0.0;-0.9848340153694153,-0.1734600067138672,0.0013810000382363796;0.0
-0.15414828062057495,-0.27244099974632263,-9.899104118347168;0.0;-0.014399999752640724,-0.07069999724626541,-9.806300163269043;1.9198621157556772E-4,1.3962633966002613E-4,-0.0028797932900488377;-0.04439999908208847,0.1687999963760376,0.19579999148845673;0.0,0.0,0.0;0.0;-0.9848150014877319,-0.17356300354003906,0.001348000019788742;0.0
-0.16075627505779266,0.04471411183476448,-9.738577842712402;0.0;-0.01489999983459711,-0.07079999893903732,-9.806300163269043;-0.003263765713199973,-0.001658062799833715,-0.002722713630646467;0.24049998819828033,0.05119999870657921,0.3037000000476837;0.0,0.0,0.0;0.0;-0.9847959876060486,-0.17367400228977203,0.0013859999598935246;0.0
0.24860432744026184,0.031239543110132217,-9.47964096069336;0.0;-0.01529999915510416,-0.07329999655485153,-9.806300163269043;-0.0014660765882581472,4.5378561480902135E-4,5.410520825535059E-4;-0.17090000212192535,-0.19139999151229858,-0.12770000100135803;0.0,0.0,0.0;0.0;-0.9847909808158875,-0.17369799315929413,0.0014230000087991357;0.0
0.11024820059537888,-0.20728041231632233,-9.684210777282715;0.0;-0.016499999910593033,-0.07319999486207962,-9.806300163269043;-0.0024085543118417263,6.632251315750182E-4,-0.0019024088978767395;-0.20899999141693115,0.03399999812245369,-0.019899999722838402;0.0,0.0,0.0;0.0;-0.9847689867019653,-0.17382200062274933,0.0014850000152364373;0.0
0.024516625329852104,0.12708422541618347,-9.557997703552246;0.0;-0.01809999905526638,-0.07279999554157257,-9.806300163269043;-0.006108652334660292,-0.0023911010939627886,-0.0037873645778745413;0.2533999979496002,0.0139999995008111,0.2938999831676483;0.0,0.0,0.0;0.0;-0.9847469925880432,-0.17394700646400452,0.0015579999890178442;0.0
-0.10034578293561935,-0.25512611865997314,-9.857349395751953;0.0;-0.01809999905526638,-0.07369999587535858,-9.806300163269043;0.0012915435945615172,0.0011519172694534063,-0.0021816615480929613;-0.040699999779462814,0.18159998953342438,0.1762000024318695;0.0,0.0,0.0;0.0;-0.9847319722175598,-0.17402899265289307,0.001567999948747456;0.0
0.15114115178585052,0.11463437974452972,-9.496208190917969;0.0;-0.018799999728798866,-0.07249999791383743,-9.806300163269043;-0.008656833320856094,-0.0017104226863011718,-2.2689280740451068E-4;-0.03019999898970127,-0.18239998817443848,-0.009999999776482582;0.0,0.0,0.0;0.0;-0.9847279787063599,-0.1740570068359375,0.0015910000074654818;0.0
-0.10611101984977722,-0.27925968170166016,-9.8705472946167;0.0;-0.017799999564886093,-0.0754999965429306,-9.806300163269043;7.330382941290736E-4,-1.9198621157556772E-4,-0.00331612559966743;0.21400000154972076,0.15399999916553497,0.35269999504089355;0.0,0.0,0.0;0.0;-0.9847059845924377,-0.17417599260807037,0.001567999948747456;0.0
0.2158995419740677,-0.08884403854608536,-9.566761016845703;0.0;-0.016999999061226845,-0.07459999620914459,-9.806300163269043;-0.005113814491778612,0.0017627825727686286,0.001658062799833715;-0.2084999978542328,0.0058999997563660145,-0.049300000071525574;0.0,0.0,0.0;0.0;-0.9847090244293213,-0.1741590052843094,0.0015089999651536345;0.0
-0.06491159647703171,0.11205822229385376,-9.628493309020996;0.0;-0.016699999570846558,-0.07559999823570251,-9.806300163269043;-8.552113431505859E-4,3.316125657875091E-4,-0.00376991112716496;0.11479999870061874,-0.12049999833106995,0.12709999084472656;0.0,0.0,0.0;0.0;-0.9846959710121155,-0.17423200607299805,0.0015140000032261014;0.0
-0.24970565736293793,-0.16394536197185516,-9.906220436096191;0.0;-0.01599999889731407,-0.0778999999165535,-9.806300163269043;-2.2689280740451068E-4,7.679448463022709E-4,-0.0016406094655394554;0.12389999628067017,0.2053999900817871,0.323199987411499;0.0,0.0,0.0;0.0;-0.9846969842910767,-0.17422500252723694,0.0015040000434964895;0.0
0.19838355481624603,-0.0806846022605896,-9.573933601379395;0.0;-0.016200000420212746,-0.07840000092983246,-9.806300163269043;-0.00411897711455822,6.457717972807586E-4,-2.0943951676599681E-4;-0.2092999964952469,0.029399998486042023,-0.019899999722838402;0.0,0.0,0.0;0.0;-0.9847090244293213,-0.17415699362754822,0.0015140000032261014;0.0
0.19613300263881683,0.07183562219142914,-9.470752716064453;0.0;-0.023399999365210533,-0.08259999752044678,-9.80620002746582;-0.002024581888690591,-0.001343903481028974,-0.0016231562476605177;-0.0843999981880188,-0.19189999997615814,-0.02969999983906746;0.0,0.0,0.0;0.0;-0.9847919940948486,-0.17367999255657196,0.0019099999917671084;0.0
-0.0571160763502121,0.11111968755722046,-9.612164497375488;0.0;-0.021199999377131462,-0.08529999852180481,-9.80620002746582;-9.4247778179124E-4,0.003455751808360219,-6.806784076616168E-4;0.20749999582767487,0.016699999570846558,0.27410000562667847;0.0,0.0,0.0;0.0;-0.9847679734230042,-0.17381399869918823,0.0018220000201836228;0.0
-0.23783999681472778,-0.22020909190177917,-9.90158462524414;0.0;-0.019199999049305916,-0.0885000005364418,-9.80620002746582;-0.001658062799833715,7.853981805965304E-4,-0.001518436474725604;0.04859999939799309,0.21599999070167542,0.2838999927043915;0.0,0.0,0.0;0.0;-0.9847630262374878,-0.17383700609207153,0.0017470000311732292;0.0
0.2338656187057495,-0.047261543571949005,-9.518685340881348;0.0;-0.021900000050663948,-0.08760000020265579,-9.80620002746582;-0.007731808349490166,-0.005602506920695305,-0.0032463124953210354;-0.19370000064373016,-0.11829999834299088,-0.08859999477863312;0.0,0.0,0.0;0.0;-0.9847620129585266,-0.17384499311447144,0.0018789999885484576;0.0
0.21357236802577972,0.08629661053419113,-9.467333793640137;0.0;-0.02329999953508377,-0.08609999716281891,-9.80620002746582;8.552113431505859E-4,0.0011519172694534063,-3.8397242315113544E-4;0.09200000017881393,-0.11979999393224716,0.14659999310970306;0.0,0.0,0.0;0.0;-0.9847549796104431,-0.1738860011100769,0.0019369999645277858;0.0
-0.08992621302604675,0.09123823791742325,-9.672210693359375;0.0;-0.022699998691678047,-0.08940000087022781,-9.80620002746582;0.004066617228090763,0.005270894151180983,-0.002286381321027875;0.20899999141693115,0.0010999999940395355,0.23489999771118164;0.0,0.0,0.0;0.0;-0.9847509860992432,-0.1739020049571991,0.001930000027641654;0.0
-0.24578873813152313,-0.07663360238075256,-9.868315696716309;0.0;-0.021199999377131462,-0.09139999747276306,-9.80620002746582;0.0018325956771150231,0.00143117003608495,4.3633230961859226E-4;0.2467999905347824,0.09139999747276306,0.3328999876976013;0.0,0.0,0.0;0.0;-0.9847390055656433,-0.17396600544452667,0.0018749999580904841;0.0
-0.1269022673368454,-0.2826498746871948,-9.850319862365723;0.0;-0.02070000022649765,-0.09339999407529831,-9.806099891662598;-5.235987482592463E-4,0.0016231562476605177,-4.7123889089562E-4;0.22669999301433563,0.16200000047683716,0.3427000045776367;0.0,0.0,0.0;0.0;-0.984728991985321,-0.17402499914169312,0.0018749999580904841;0.0
-0.21397459506988525,-0.22810038924217224,-9.90161418914795;0.0;-0.02159999869763851,-0.09389999508857727,-9.806099891662598;-0.003543018363416195,0.003263765713199973,0.0010471974965184927;0.09999999403953552,0.20179998874664307,0.3034999966621399;0.0,0.0,0.0;0.0;-0.9847180247306824,-0.17408299446105957,0.001921999966725707;0.0
0.13076171278953552,-0.19700448215007782,-9.653958320617676;0.0;-0.021199999377131462,-0.09189999848604202,-9.806099891662598;-0.0045553091913461685,8.726646046852693E-5,-2.9670598451048136E-4;-0.18469999730587006,0.042899999767541885,-0.019999999552965164;0.0,0.0,0.0;0.0;-0.9847180247306824,-0.1740889996290207,0.0018789999885484576;0.0
0.1722675859928131,-0.1331942230463028,-9.61099624633789;0.0;-0.02290000021457672,-0.09049999713897705,-9.80620002746582;-0.00125663704238832,-5.759586347267032E-4,-0.003403391921892762;-0.16329999268054962,-0.15449999272823334,-0.08869999647140503;0.0,0.0,0.0;0.0;-0.9847139716148376,-0.17410999536514282,0.001955999992787838;0.0
0.027332207188010216,0.14525143802165985,-9.574172973632812;0.0;-0.025100000202655792,-0.09119999408721924,-9.806099891662598;-3.1415926059708E-4,0.0015707963611930609,-0.0014137167017906904;0.11339999735355377,-0.0949999988079071,0.11719999462366104;0.0,0.0,0.0;0.0;-0.984703004360199,-0.1741739958524704,0.0020749999675899744;0.0
-0.1377815306186676,0.06491159647703171,-9.721329689025879;0.0;-0.024699999019503593,-0.09200000017881393,-9.806099891662598;-0.0028797932900488377,0.0023561944253742695,-0.00125663704238832;0.24039998650550842,0.13120000064373016,0.3328999876976013;0.0,0.0,0.0;0.0;-0.984699010848999,-0.17419399321079254,0.0020570000633597374;0.0
-0.23793576657772064,-0.2091095745563507,-9.930066108703613;0.0;-0.023099999874830246,-0.09149999916553497,-9.806099891662598;-0.002007128670811653,-0.0014486232539638877,-0.0019198621157556772;-0.12389999628067017,0.120899997651577,0.06809999793767929;0.0,0.0,0.0;0.0;-0.9847009778022766,-0.17418299615383148,0.0019749999046325684;0.0
0.11945150792598724,-0.18226578831672668,-9.661293029785156;0.0;-0.02539999969303608,-0.09290000051259995,-9.806099891662598;-0.0021642083302140236,6.632251315750182E-4,-6.981316837482154E-4;-0.20009998977184296,-0.1030999943614006,-0.09849999845027924;0.0,0.0,0.0;0.0;-0.9847099781036377,-0.17412899434566498,0.002114000031724572;0.0
0.09095093607902527,0.13714943826198578,-9.516319274902344;0.0;-0.02630000002682209,-0.09619999676942825,-9.806099891662598;-3.8397242315113544E-4,-0.0026354470755904913,-0.0025656339712440968;0.15379999577999115,-0.07050000131130219,0.15629999339580536;0.0,0.0,0.0;0.0;-0.9847099781036377,-0.17412500083446503,0.0021689999848604202;0.0
0.07735186815261841,0.13768574595451355,-9.520734786987305;0.0;-0.029500000178813934,-0.09619999676942825,-9.806099891662598;-0.0031241392716765404,-0.0018500490114092827,-0.0017278759041801095;0.23549999296665192,0.01769999973475933,0.27399998903274536;0.0,0.0,0.0;0.0;-0.9847490191459656,-0.17390500009059906,0.0023350000847131014;0.0
-0.243930846452713,-0.07860642671585083,-9.870000839233398;0.0;-0.028199998661875725,-0.09709999710321426,-9.806099891662598;6.981316983001307E-5,0.0062831854447722435,-0.0015533430268988013;-0.13849999010562897,0.11669999361038208,0.06809999793767929;0.0,0.0,0.0;0.0;-0.9847049713134766,-0.17415300011634827,0.0022770001087337732;0.0
0.004127603489905596,-0.24708162248134613,-9.759455680847168;0.0;-0.029899999499320984,-0.09569999575614929,-9.806099891662598;-0.0073129297234117985,-0.002949606394395232,1.7453292457503267E-5;-0.2150999903678894,-0.01209999993443489,-0.0494999997317791;0.0,0.0,0.0;0.0;-0.9847080111503601,-0.1741349995136261,0.0023509999737143517;0.0
0.21932803094387054,0.060247693210840225,-9.5082368850708;0.0;-0.027300000190734863,-0.0965999960899353,-9.806099891662598;-0.0035604715812951326,0.0012915435945615172,-0.002321287989616394;-0.12950000166893005,-0.1680999994277954,-0.06909999996423721;0.0,0.0,0.0;0.0;-0.984703004360199,-0.17416399717330933,0.0022269999608397484;0.0
0.1516583114862442,0.11667423695325851,-9.483001708984375;0.0;-0.027799999341368675,-0.09849999845027924,-9.806099891662598;0.003001966280862689,4.3633230961859226E-4,-0.004188789986073971;0.2141999900341034,-0.019099999219179153,0.22499999403953552;0.0,0.0,0.0;0.0;-0.9846850037574768,-0.17426200211048126,0.0022770001087337732;0.0
-0.22307255864143372,-0.04277002066373825,-9.849774360656738;0.0;-0.025499999523162842,-0.10049999505281448,-9.806099891662598;-0.004293509759008884,9.948377264663577E-4,0.00125663704238832;0.04519999772310257,0.2280000001192093,0.24459999799728394;0.0,0.0,0.0;0.0;-0.9846779704093933,-0.17430099844932556,0.0021800000686198473;0.0
-0.13026373088359833,-0.2682271897792816,-9.871609687805176;0.0;-0.02589999884366989,-0.10009999573230743,-9.806099891662598;-0.00411897711455822,-7.330382941290736E-4,-0.0023911010939627886;-0.12109999358654022,-0.15479999780654907,-0.07889999449253082;0.0,0.0,0.0;0.0;-0.9846749901771545,-0.17431899905204773,0.0021929999347776175;0.0
0.047194503247737885,0.1377815306186676,-9.529210090637207;0.0;-0.025999998673796654,-0.10189999639987946,-9.805999755859375;0.0014486232539638877,0.0031939526088535786,-0.0010646508308127522;0.2612999975681305,0.11169999837875366,0.3229999840259552;0.0,0.0,0.0;0.0;-0.9846599698066711,-0.1743980050086975,0.0022100000642240047;0.0
-0.2171732485294342,-0.03568318113684654,-9.829730033874512;0.0;-0.027699999511241913,-0.09959999471902847,-9.806099891662598;-0.003996803890913725,-5.759586347267032E-4,0.0;-0.16839998960494995,0.07019999623298645,-4.999999655410647E-4;0.0,0.0,0.0;0.0;-0.9846659898757935,-0.1743669956922531,0.0022770001087337732;0.0
-0.1628057062625885,-0.26513391733169556,-9.887334823608398;0.0;-0.027400000020861626,-0.09910000115633011,-9.806099891662598;-0.0038397242315113544,-6.632251315750182E-4,-8.552113431505859E-4;-0.17839999496936798,-0.12639999389648438,-0.09860000014305115;0.0,0.0,0.0;0.0;-0.9846770167350769,-0.17430800199508667,0.002259999979287386;0.0
0.10600567609071732,-0.20367951691150665,-9.661628723144531;0.0;-0.026200000196695328,-0.09869999438524246,-9.806099891662598;-0.007120943162590265,0.0026179938577115536,-0.0025830871891230345;0.04580000042915344,-0.13660000264644623,0.0778999999165535;0.0,0.0,0.0;0.0;-0.9846779704093933,-0.17430299520492554,0.0021929999347776175;0.0
0.16489346325397491,0.10828495770692825,-9.4913911819458;0.0;-0.026499999687075615,-0.10029999911785126,-9.806099891662598;-7.504915702156723E-4,-0.0026354470755904913,-0.003909537568688393;0.23240000009536743,0.07079999893903732,0.3033999800682068;0.0,0.0,0.0;0.0;-0.9846709966659546,-0.1743360012769699,0.002219999907538295;0.0
0.04822879657149315,0.12790782749652863,-9.556159019470215;0.0;-0.026999998837709427,-0.10049999505281448,-9.805999755859375;-0.002914699725806713,5.061454721726477E-4,-0.0012915435945615172;0.026999998837709427,0.20829999446868896,0.22499999403953552;0.0,0.0,0.0;0.0;-0.9846619963645935,-0.17438800632953644,0.0022499999031424522;0.0
-0.2475508749485016,-0.12850159406661987,-9.885515213012695;0.0;-0.0279999990016222,-0.10029999911785126,-9.805999755859375;-0.001745329238474369,-2.0943951676599681E-4,-0.0013962633674964309;-0.1679999977350235,0.08069999516010284,-4.999999655410647E-4;0.0,0.0,0.0;0.0;-0.9846490025520325,-0.1744609922170639,0.002303000073879957;0.0
-0.15906119346618652,-0.27469155192375183,-9.891433715820312;0.0;-0.028599999845027924,-0.09849999845027924,-9.806099891662598;-0.007487462367862463,-6.2831852119416E-4,0.0015009831404313445;-0.22630000114440918,-0.03869999945163727,-0.09860000014305115;0.0,0.0,0.0;0.0;-0.9846460223197937,-0.17448100447654724,0.002311999909579754;0.0
0.20888930559158325,0.055507171899080276,-9.483586311340332;0.0;-0.03009999915957451,-0.10099999606609344,-9.805999755859375;6.2831852119416E-4,-0.002949606394395232,-0.0038920841179788113;0.22619999945163727,0.01269999984651804,0.26420000195503235;0.0,0.0,0.0;0.0;-0.9846270084381104,-0.17458400130271912,0.002409999957308173;0.0
